46.866633
46.885448
46.906080
46.929016
46.951798
46.975220
46.997417
47.020697
47.043424
47.066720
47.090461
47.112444
47.136045
47.158138
47.181234
47.204547
47.227749
47.250316
47.274072
47.296943
47.318855
47.342048
47.365211
47.388090
47.410905
47.434380
47.457181
47.480075
47.502877
47.526129
47.548750
47.571618
47.594781
47.618119
47.641015
47.664324
47.687091
47.709650
47.733545
47.756280
47.779357
47.801448
47.824314
47.847264
47.870282
47.893646
47.917085
47.940268
47.962115
47.985291
48.008245
48.031185
48.054442
48.077379
48.100176
48.123015
48.146349
48.169718
48.191905
48.214671
48.238090
48.260968
48.283803
48.307641
48.329618
48.352819
48.376267
48.398813
48.421883
48.444630
48.467706
48.490283
48.513575
48.536581
48.560359
48.582672
48.606390
48.628442
48.651179
48.674048
48.697298
48.720285
48.743004
48.766769
48.789875
48.813120
48.835027
48.858034
48.881160
48.904716
48.926739
48.950471
48.973632
48.996784
49.018729
49.041684
49.064718
49.087715
49.110653
49.133863
49.156918
49.180538
49.202221
49.225385
49.248696
49.271433
49.295326
49.317613
49.340330
49.363225
49.386495
49.409496
49.432344
49.455894
49.479025
49.501875
49.524061
49.546949
49.570347
49.593220
49.616543
49.638677
49.662860
49.685842
49.708591
49.730747
49.753828
49.776932
49.799756
49.822617
49.846033
49.869881
49.891564
49.916171
49.938340
49.960481
49.983462
50.006508
50.029514
50.052487
50.076166
50.099052
50.122041
50.144981
50.167006
50.190363
50.213441
50.236203
50.259637
50.282425
50.305838
50.328515
50.351850
50.374649
50.396997
50.419974
50.442746
50.466133
50.489535
50.512318
50.535544
50.558761
50.580814
50.603729
50.626586
50.649890
50.672840
50.696072
50.718850
50.741645
50.765152
50.787647
50.810338
50.833434
50.856453
50.879020
50.902296
50.926045
50.948898
50.970807
50.994076
51.017092
51.039879
51.062912
51.086257
51.109429
51.132503
51.154789
51.178792
51.200786
51.223796
51.247250
51.270371
51.293608
51.315680
51.338667
51.361561
51.384545
51.407514
51.430590
51.454085
51.476585
51.500413
51.523373
51.545058
51.568232
51.591235
51.614560
51.637417
51.660779
51.683601
51.706981
51.730301
51.752726
51.775007
51.798069
51.821189
51.843953
51.866832
51.890112
51.913033
51.935895
51.958559
51.981894
52.005012
52.028287
52.050432
52.074571
52.096525
52.119552
52.142543
52.165752
52.188416
52.211366
52.235132
52.258215
52.280101
52.303111
52.326477
52.349103
52.372307
52.395277
52.418301
52.442046
52.465066
52.487005
52.510053
52.533119
52.556059
52.579510
52.602590
52.625544
52.648802
52.671131
52.693938
52.716997
52.739874
52.762561
52.786053
52.808882
52.832153
52.854394
52.877809
52.900958
52.923490
52.946259
52.969665
52.992475
53.015861
53.039126
53.061482
53.084890
53.107320
53.130071
53.153366
53.176186
53.199031
53.222793
53.245737
53.268187
53.290890
53.314191
53.337091
53.359936
53.383536
53.406113
53.429214
53.451867
53.474683
53.497792
53.520781
53.543646
53.566323
53.589797
53.613230
53.636429
53.658551
53.681635
53.704430
53.727201
53.750284
53.773554
53.796413
53.819211
53.842785
53.866077
53.888289
53.911181
53.934198
53.957231
53.980125
54.003664
54.026064
54.050035
54.072092
54.095312
54.118043
54.141188
54.163916
54.186676
54.210090
54.233412
54.256267
54.279576
54.302217
54.324625
54.347646
54.370554
54.393465
54.416650
54.439968
54.463319
54.485365
54.508363
54.531260
54.554682
54.577330
54.600276
54.623686
54.646439
54.668957
54.691969
54.715095
54.738118
54.761237
54.784617
54.807130
54.830741
54.853495
54.875836
54.898674
54.922072
54.944977
54.968360
54.991127
55.014479
55.036520
55.059434
55.082224
55.105834
55.128582
55.151619
55.175327
55.197732
55.220359
55.243276
55.266693
55.289726
55.313074
55.336216
55.358067
55.381177
55.404144
55.426990
55.450359
55.473174
55.496831
55.519756
55.542336
55.564875
55.587700
55.610577
55.634359
55.657496
55.680655
55.703665
55.725515
55.748732
55.771592
55.794514
55.817832
55.840407
55.863372
55.886689
55.910068
55.932494
55.955313
55.978699
56.001739
56.024870
56.047061
56.071039
56.093111
56.115942
56.139065
56.162159
56.185204
56.207978
56.230899
56.254583
56.276862
56.300791
56.322897
56.345789
56.368843
56.391822
56.414646
56.438101
56.461414
56.484253
56.507426
56.530509
56.552921
56.575451
56.598457
56.621687
56.644918
56.668027
56.690726
56.713829
56.737240
56.759205
56.782241
56.805231
56.828163
56.851103
56.874356
56.898336
56.920173
56.943522
56.966533
56.989740
57.011751
57.034809
57.058046
57.081267
57.103939
57.127462
57.150797
57.172699
57.196033
57.218543
57.241896
57.264953
57.288161
57.310906
57.333647
57.356503
57.379515
57.402305
57.425584
57.448506
57.471301
57.494688
57.517201
57.541088
57.564270
57.586255
57.608987
57.632178
57.655047
57.678226
57.701160
57.724452
57.747057
57.769874
57.794032
57.815625
57.838766
57.862153
57.884909
57.907760
57.931663
57.953897
57.976868
57.999705
58.022547
58.046019
58.068810
58.091478
58.114447
58.138226
58.160403
58.183689
58.206329
58.229450
58.252318
58.275126
58.298538
58.321293
58.344193
58.367763
58.390596
58.412971
58.436144
58.458867
58.482298
58.505690
58.528470
58.550616
58.574011
58.596915
58.619734
58.642901
58.665715
58.688862
58.712242
58.735008
58.758468
58.781216
58.803985
58.826659
58.849325
58.872478
58.895394
58.918678
58.941374
58.964543
58.988140
59.010318
59.033712
59.056170
59.079155
59.102457
59.125108
59.148115
59.171484
59.194140
59.216796
59.239885
59.262879
59.286079
59.309058
59.331908
59.354797
59.378123
59.401424
59.423722
59.446476
59.469513
59.492743
59.515621
59.538672
59.561780
59.584685
59.607458
59.630641
59.653248
59.676407
59.699370
59.722504
59.745466
59.768762
59.791714
59.814532
59.837877
59.860127
59.882801
59.906362
59.929209
59.952057
59.975858
59.997908
00.021230
00.044097
00.066952
00.090278
00.113239
00.135657
00.158503
00.181652
00.204419
00.227612
00.250415
00.274469
00.297292
00.319386
00.342508
00.365617
00.388936
00.411108
00.434812
00.457129
00.480288
00.503225
00.526417
00.549327
00.573230
00.594956
00.618127
00.642100
00.664244
00.687361
00.710235
00.733011
00.756113
00.778793
00.801991
00.825533
00.847635
00.870601
00.893747
00.916553
00.940263
00.963805
00.986393
01.008490
01.031490
01.054653
01.077541
01.100256
01.123761
01.146781
01.169511
01.192205
01.215004
01.238418
01.261018
01.284043
01.306982
01.330242
01.352799
01.376263
01.399002
01.422227
01.445127
01.467852
01.491366
01.514238
01.536960
01.559740
01.583072
01.606202
01.628840
01.651511
01.674602
01.698053
01.720803
01.743655
01.766399
01.789869
01.812552
01.835233
01.858297
01.881533
01.905032
01.927102
01.950209
01.973529
01.996852
02.019008
02.042090
02.065337
02.087982
02.110881
02.134150
02.157395
02.180348
02.202670
02.226164
02.248838
02.271939
02.294557
02.317573
02.340908
02.363595
02.386841
02.410491
02.432577
02.455781
02.478336
02.502079
02.525047
02.547262
02.570187
02.593485
02.616364
02.639697
02.662786
02.684997
02.708306
02.731077
02.754620
02.777405
02.800284
02.822873
02.846116
02.868905
02.891748
02.915386
02.938553
02.960789
02.985490
03.006791
03.035146
03.052603
03.075570
03.098264
03.121711
03.144721
03.167304
03.190209
03.213518
03.236113
03.259164
03.282312
03.305097
03.328217
03.350984
03.374421
03.397143
03.420148
03.442963
03.466052
03.489071
03.512464
03.534820
03.557803
03.580672
03.605106
03.626555
03.649944
03.672667
03.695517
03.718518
03.741524
03.764532
03.787386
03.810369
03.833688
03.856447
03.879485
03.903268
03.925372
03.948275
03.972125
03.994368
04.017426
04.040307
04.062965
04.086313
04.109148
04.132451
04.154927
04.178054
04.200866
04.223992
04.246797
04.271518
04.292767
04.315833
04.338744
04.362126
04.384872
04.407585
04.430564
04.453759
04.476891
04.499522
04.522490
04.545487
04.568389
04.591387
04.614236
04.647837
04.660282
04.683207
04.706520
04.729259
04.752167
04.775067
04.798102
04.821217
04.844161
04.866927
04.890130
04.913127
04.935914
04.958787
04.981959
05.004925
05.027856
05.050877
05.073860
05.096859
05.119747
05.142638
05.165579
05.188619
05.211497
05.234618
05.266092
05.280496
05.303277
05.326241
05.349416
05.372379
05.395292
05.418249
05.441419
05.464125
05.487137
05.510503
05.533243
05.556120
05.578954
05.602346
05.624894
05.648015
05.670815
05.694300
05.717020
05.739810
05.762614
05.785926
05.808636
05.831723
05.854480
05.877537
05.900770
05.923546
05.946414
05.969407
05.993748
06.015391
06.038501
06.061394
06.084459
06.107480
06.130182
06.153587
06.176756
06.199294
06.222501
06.245745
06.268534
06.292069
06.314953
06.337372
06.360015
06.383228
06.406316
06.429363
06.452221
06.475661
06.498831
06.521868
06.545031
06.567966
06.590474
06.612869
06.635937
06.658741
06.682225
06.705525
06.727826
06.751186
06.774315
06.796442
06.819446
06.842454
06.865756
06.888669
06.913563
06.934624
06.957776
06.981078
07.003279
07.026500
07.049628
07.072422
07.095194
07.119168
07.141528
07.164196
07.187092
07.210467
07.233220
07.256150
07.279428
07.302364
07.324845
07.347708
07.370898
07.394062
07.417058
07.440065
07.463212
07.486572
07.508831
07.531581
07.554622
07.578014
07.600924
07.624245
07.646918
07.670277
07.693443
07.715465
07.738283
07.761513
07.784350
07.807296
07.830682
07.853450
07.876073
07.899320
07.923077
07.944923
07.968134
07.990847
08.014302
08.037126
08.060582
08.082732
08.106377
08.128741
08.151728
08.174550
08.197599
08.220867
08.243738
08.267103
08.289630
08.312778
08.335633
08.358479
08.381842
08.404671
08.427502
08.450767
08.473661
08.496998
08.519865
08.542515
08.565352
08.588359
08.611210
08.634576
08.657385
08.680765
08.702972
08.725994
08.749033
08.772044
08.794858
08.818421
08.841048
08.863838
08.886507
08.910055
08.933222
08.955882
08.978795
09.002080
09.025500
09.047624
09.070515
09.093504
09.116639
09.139614
09.162533
09.185699
09.208368
09.231630
09.254566
09.278101
09.300772
09.323280
09.346342
09.369262
09.392280
09.415105
09.438455
09.461800
09.484281
09.507014
09.530113
09.552999
09.575959
09.599318
09.622043
09.645508
09.668342
09.690672
09.713621
09.736869
09.760044
09.782988
09.806259
09.828437
09.851368
09.874512
09.898246
09.920997
09.943260
09.967254
09.989271
10.012083
10.035168
10.058180
10.081365
10.104269
10.127806
10.150737
10.173849
10.196963
10.219024
10.242018
10.265136
10.287966
10.311345
10.334156
10.357503
10.380060
10.403032
10.425743
10.448784
10.471576
10.495060
10.517844
10.540469
10.563352
10.586290
10.609441
10.632296
10.655455
10.678646
10.701720
10.724435
10.747790
10.770211
10.793249
10.816416
10.838968
10.862235
10.885293
10.908707
10.931149
10.954965
10.977062
11.000127
11.022687
11.046213
11.068985
11.091772
11.115709
11.137917
11.160870
11.183791
11.206592
11.229414
11.252654
11.275553
11.299442
11.322466
11.344768
11.367250
11.390337
11.413437
11.436398
11.459217
11.482893
11.506004
11.528292
11.551367
11.574105
11.597227
11.620156
11.642817
11.666384
11.689581
11.711938
11.734873
11.758160
11.780633
11.803706
11.826590
11.850008
11.872832
11.896487
11.919308
11.941891
11.965284
11.987498
12.010429
12.033479
12.056979
12.079692
12.103240
12.125827
12.149280
12.171724
12.194231
12.217049
12.240298
12.262998
12.286485
12.309362
12.332374
12.355160
12.378069
12.401217
12.424005
12.446694
12.470127
12.493711
12.516415
12.539509
12.561556
12.584572
12.607750
12.630464
12.653868
12.676928
12.699583
12.726588
12.745637
12.769411
12.791972
12.814500
12.837358
12.860476
12.883288
12.906780
12.929764
12.952318
12.976100
12.998672
13.021031
13.044201
13.066970
13.090142
13.112981
13.136659
13.159436
13.182053
13.204965
13.227867
13.250577
13.274349
13.296912
13.319793
13.342505
13.365723
13.388494
13.411844
13.434859
13.457789
13.480520
13.503470
13.526594
13.549494
13.572913
13.595492
13.619213
13.642348
13.665267
13.687781
13.710205
13.733201
13.756181
13.778946
13.802794
13.825205
13.848031
13.871728
13.894179
13.918014
13.940325
13.962676
13.986079
14.009377
14.032315
14.055451
14.077900
14.101213
14.124120
14.146354
14.173459
14.192432
14.215451
14.241410
14.262225
14.284919
14.307651
14.330732
14.353662
14.376640
14.399106
14.422257
14.445336
14.468697
14.491788
14.514050
14.537262
14.560298
14.582715
14.606074
14.629065
14.651879
14.675338
14.698158
14.721564
14.744648
14.767334
14.792824
14.812792
14.835568
14.858331
14.881868
14.904902
14.927535
14.957367
14.976762
14.996735
15.019049
15.042333
15.071702
15.088335
15.111041
15.135093
15.157250
15.180031
15.202971
15.225801
15.249171
15.272040
15.295338
15.318160
15.341566
15.363561
15.386728
15.410057
15.433067
15.455673
15.479154
15.502035
15.525513
15.548114
15.571486
15.594360
15.616638
15.639473
15.662489
15.685733
15.708503
15.731345
15.764887
15.782246
15.800734
15.822871
15.846135
15.869112
15.892077
15.917375
15.938116
15.961031
15.984476
16.007837
16.030190
16.052778
16.075898
16.098571
16.122075
16.144673
16.168294
16.191719
16.213405
16.236705
16.259632
16.282950
16.305708
16.328599
16.351963
16.374723
16.397530
16.420372
16.443350
16.466842
16.490060
16.513062
16.536143
16.559131
16.581261
16.604161
16.627138
16.650287
16.673029
16.696154
16.718894
16.742338
16.765179
16.788659
16.811056
16.833869
16.856914
16.879810
16.905143
16.926492
16.948800
16.972587
16.995422
17.017466
17.040621
17.063636
17.086548
17.109747
17.132657
17.156082
17.178578
17.202155
17.224585
17.247285
17.270530
17.293636
17.316638
17.339447
17.363156
17.385777
17.407999
17.430927
17.454373
17.477649
17.500139
17.522882
17.546884
17.569517
17.591877
17.614675
17.638051
17.661065
17.683757
17.706572
17.730035
17.753262
17.776182
17.799291
17.821778
17.844514
17.867431
17.890539
17.913764
17.936770
17.959369
17.983411
18.006211
18.028624
18.051006
18.074205
18.097256
18.120111
18.143046
18.166470
18.189259
18.212644
18.234890
18.258946
18.281828
18.303682
18.326791
18.350266
18.373047
18.396395
18.418558
18.441658
18.464786
18.487644
18.511233
18.533546
18.557495
18.579446
18.602239
18.625260
18.648493
18.671408
18.694528
18.717602
18.740514
18.763968
18.787093
18.809521
18.831959
18.854991
18.878358
18.901421
18.924281
18.947871
18.970415
18.993953
19.015871
19.038882
19.062121
19.085046
19.108467
19.131458
19.154196
19.177740
19.200561
19.222592
19.245720
19.268735
19.291568
19.314736
19.338201
19.361385
19.383878
19.406774
19.429698
19.452283
19.475240
19.498543
19.521454
19.544276
19.567858
19.590943
19.613642
19.635992
19.659034
19.682123
19.705188
19.728095
19.750743
19.774506
19.797353
19.819845
19.843843
19.867403
19.888951
19.911852
19.934447
19.958066
19.981397
20.004355
20.027500
20.050073
20.072526
20.095486
20.118437
20.141558
20.164514
20.187310
20.210326
20.233575
20.257186
20.280560
20.303223
20.325413
20.348084
20.371082
20.394289
20.417137
20.440067
20.462868
20.486792
20.509881
20.532346
20.554660
20.577715
20.600896
20.623802
20.646517
20.670089
20.692912
20.715776
20.739280
20.762347
20.785500
20.807322
20.830236
20.853471
20.876844
20.899429
20.922666
20.945291
20.968321
20.991223
21.014284
21.037367
21.060280
21.083105
21.106778
21.129331
21.152062
21.175153
21.198121
21.221151
21.244010
21.266872
21.290314
