21.313111
21.336467
21.358603
21.381633
21.404844
21.427786
21.450568
21.473690
21.496838
21.520338
21.543420
21.565782
21.588735
21.611536
21.634422
21.657670
21.680464
21.703275
21.726986
21.750006
21.773183
21.795504
21.818040
21.841566
21.864226
21.887002
21.912528
21.933721
21.956872
21.978836
22.002825
22.025262
22.047746
22.070610
22.094053
22.116788
22.140287
22.162709
22.186217
22.209415
22.231587
22.254401
22.277669
22.300643
22.323460
22.346701
22.369628
22.392677
22.416370
22.439204
22.461200
22.484268
22.507198
22.530551
22.553371
22.576754
22.599798
22.623068
22.646031
22.667963
22.690898
22.714097
22.737141
22.759944
22.782653
22.806201
22.828895
22.852611
22.874691
22.899504
22.920400
22.943465
22.966355
22.989760
23.012686
23.035532
23.058676
23.081679
23.105030
23.127409
23.151343
23.173300
23.196406
23.219521
23.242633
23.265239
23.288336
23.310944
23.334172
23.357242
23.380234
23.402984
23.426401
23.449737
23.471922
23.494787
23.517858
23.541119
23.563673
23.586599
23.610313
23.633459
23.656588
23.679605
23.701856
23.724558
23.747565
23.770512
23.793875
23.816844
23.840078
23.862741
23.885596
23.909053
23.931296
23.954436
23.977481
24.000418
24.023727
24.046316
24.070007
24.092871
24.114929
24.137791
24.160889
24.184069
24.206725
24.230226
24.253017
24.276499
24.299300
24.322674
24.344750
24.367752
24.390745
24.413893
24.437036
24.459708
24.483043
24.505558
24.528874
24.551740
24.574563
24.597417
24.620716
24.643395
24.666539
24.689624
24.712411
24.735791
24.758906
24.782045
24.804377
24.826956
24.850297
24.873118
24.896132
24.919718
24.941893
24.966395
24.987596
25.010758
25.033767
25.056790
25.079796
25.102565
25.126094
25.148609
25.172264
25.195098
25.218182
25.240633
25.263501
25.286591
25.309731
25.332487
25.355878
25.378341
25.401636
25.425256
25.447674
25.470200
25.493441
25.516161
25.539609
25.562034
25.586075
25.608961
25.630741
25.654148
25.677099
25.700388
25.723508
25.746730
25.769685
25.791601
25.814485
25.837649
25.860812
25.883472
25.906671
25.930518
25.953367
25.975283
25.998321
26.021609
26.044917
26.067506
26.091100
26.114189
26.136360
26.159171
26.182280
26.205177
26.228266
26.251072
26.274647
26.297549
26.321004
26.343361
26.366578
26.388835
26.412020
26.434689
26.457605
26.480965
26.504470
26.526660
26.549755
26.573702
26.596000
26.618423
26.641602
26.664707
26.687538
26.710696
26.734066
26.757113
26.780226
26.803367
26.825171
26.848426
26.871243
26.894228
26.917469
26.941128
26.963087
26.986182
27.009138
27.032082
27.054996
27.078341
27.101153
27.123958
27.147831
27.170157
27.193027
27.215857
27.239034
27.262087
27.284946
27.308361
27.330473
27.354694
27.376895
27.399574
27.422369
27.445804
27.468632
27.491497
27.514864
27.537646
27.561343
27.583234
27.606293
27.629331
27.652339
27.675154
27.698536
27.721742
27.744888
27.768026
27.791137
27.813731
27.836004
27.858755
27.882112
27.905119
27.928427
27.951618
27.974099
27.996968
28.019484
28.042472
28.065895
28.089259
28.112119
28.134753
28.158414
28.181479
28.204050
28.226245
28.249547
28.272175
28.295890
28.318673
28.341425
28.364255
28.387158
28.410552
28.433345
28.456897
28.478925
28.502105
28.524832
28.548022
28.570930
28.594291
28.617412
28.640360
28.662779
28.686769
28.709735
28.732427
28.754515
28.777754
28.800785
28.823621
28.846639
28.869852
28.892801
28.916146
28.938251
28.961666
28.984504
29.008069
29.031173
29.053274
29.076359
29.099226
29.122307
29.145440
29.168399
29.191665
29.214827
29.237271
29.260132
29.282965
29.306138
29.329159
29.351940
29.375424
29.398678
29.421732
29.443592
29.466669
29.489942
29.513000
29.536462
29.558743
29.581779
29.605507
29.628242
29.650236
29.673443
29.696577
29.719307
29.742606
29.765592
29.788915
29.811108
29.835162
29.858056
29.880366
29.903184
29.926517
29.949652
29.972056
29.994864
30.017787
30.041166
30.064012
30.086610
30.110402
30.133083
30.156739
30.179781
30.202535
30.224491
30.247741
30.270575
30.294094
30.317210
30.340225
30.362933
30.386638
30.408385
30.431388
30.454553
30.477647
30.500338
30.524088
30.547043
30.570307
30.592876
30.615199
30.638059
30.661357
30.684243
30.706960
30.730432
30.753238
30.775979
30.799980
30.822025
30.845196
30.867846
30.890756
30.914457
30.937190
30.960673
30.982474
31.005872
31.029047
31.051729
31.074289
31.098044
31.121373
31.144042
31.166788
31.189475
31.212593
31.235252
31.258502
31.281623
31.304335
31.327791
31.350573
31.374030
31.396342
31.419038
31.442318
31.465223
31.487946
31.511458
31.534326
31.557042
31.579915
31.603919
31.626682
31.648800
31.671932
31.694938
31.717841
31.740938
31.763690
31.787358
31.810401
31.832829
31.855647
31.878407
31.902478
31.924587
31.947511
31.970798
31.993302
32.016938
32.039846
32.062135
32.085355
32.108312
32.131058
32.153990
32.177852
32.200965
32.222878
32.246906
32.269137
32.292033
32.315376
32.338072
32.361540
32.384653
32.407376
32.429660
32.452624
32.475556
32.498820
32.522172
32.544757
32.568525
32.590803
32.613558
32.636345
32.659406
32.682403
32.705562
32.728465
32.751178
32.774798
32.797481
32.820438
32.843081
32.866211
32.889149
32.912176
32.935736
32.958308
32.981669
33.003931
33.026751
33.050055
33.073045
33.095787
33.119302
33.142037
33.164710
33.188594
33.211643
33.233758
33.256677
33.279563
33.302448
33.325756
33.349396
33.371558
33.394358
33.417492
33.440488
33.463256
33.486162
33.510013
33.533163
33.555209
33.578290
33.601437
33.624290
33.647072
33.670596
33.693388
33.716655
33.738973
33.762892
33.784743
33.807763
33.830741
33.854131
33.876904
33.899812
33.923172
33.946111
33.969030
33.991613
34.014502
34.038025
34.060869
34.083609
34.106871
34.130326
34.152822
34.175415
34.198513
34.221682
34.244107
34.267280
34.290645
34.314054
34.336061
34.359031
34.382143
34.405366
34.428113
34.450944
34.474168
34.497189
34.520423
34.543007
34.565756
34.588939
34.611899
34.634679
34.658086
34.681527
34.704366
34.727725
34.749385
34.772738
34.795642
34.818761
34.842122
34.865190
34.887398
34.910863
34.933469
34.956350
34.979424
35.002723
35.025485
35.048756
35.071018
35.094474
35.117890
35.140252
35.163036
35.185836
35.209348
35.232570
35.254794
35.277980
35.301180
35.323939
35.346692
35.370168
35.392635
35.415584
35.439354
35.462015
35.484995
35.507476
35.530276
35.553718
35.576437
35.599404
35.622935
35.646052
35.668465
35.692228
35.714771
35.737000
35.760311
35.783100
35.806545
35.829283
35.852692
35.875037
35.898542
35.920769
35.943900
35.966738
35.990103
36.013280
36.036432
36.059593
36.081814
36.104687
36.127652
36.150465
36.173744
36.196811
36.219577
36.242600
36.265745
36.289246
36.311547
36.335435
36.357774
36.380293
36.403330
36.426494
36.449503
36.472590
36.495102
36.518542
36.541329
36.564120
36.587075
36.610188
36.633223
36.656069
36.678906
36.701755
36.725473
36.748626
36.771367
36.793749
36.816738
36.839797
36.862473
36.886079
36.909499
36.932390
36.955552
36.978424
37.000459
37.023527
37.046530
37.069497
37.092524
37.115431
37.138784
37.162023
37.185281
37.207591
37.230345
37.253154
37.276214
37.298916
37.322589
37.345787
37.368488
37.391922
37.414893
37.437633
37.459658
37.482655
37.505641
37.529303
37.551788
37.574616
37.598499
37.620642
37.643439
37.666322
37.689851
37.712884
37.736108
37.759259
37.782325
37.805428
37.827216
37.850255
37.873274
37.896482
37.919191
37.942680
37.965866
37.989169
38.011148
38.034426
38.057208
38.080133
38.102825
38.126497
38.149683
38.172538
38.195837
38.217755
38.240865
38.263783
38.287359
38.310452
38.332779
38.355507
38.378363
38.401788
38.424695
38.448129
38.470947
38.494293
38.516559
38.539430
38.562313
38.585542
38.608402
38.631223
38.654782
38.677200
38.700442
38.724115
38.746281
38.768914
38.792098
38.815004
38.838350
38.861164
38.884001
38.907185
38.930824
38.952719
38.975575
38.998600
39.021606
39.044890
39.067810
39.090916
39.114673
39.137614
39.159476
39.182334
39.205646
39.228618
39.251475
39.274683
39.297626
39.320974
39.343361
39.366115
39.389357
39.412352
39.435176
39.458392
39.481452
39.504324
39.527481
39.550077
39.572975
39.596065
39.618685
39.642517
39.665672
39.688829
39.711251
39.734158
39.756818
39.779793
39.802515
39.826072
39.849298
39.872455
39.894684
39.917836
39.940539
39.963446
39.986653
40.009771
40.032394
40.055487
40.078920
40.102372
40.124231
40.147008
40.170252
40.193178
40.216229
40.239665
40.262432
40.285904
40.308848
40.331696
40.353880
40.377309
40.400006
40.422800
40.446358
40.469091
40.492414
40.514966
40.538138
40.560772
40.583758
40.606937
40.629909
40.652768
40.676155
40.698341
40.722299
40.744681
40.767798
40.790195
40.813122
40.836833
40.859738
40.882429
40.905436
40.928386
40.951214
40.974225
40.997351
41.020187
41.043514
41.066011
41.089821
41.111928
41.134803
41.158018
41.180817
41.203861
41.226677
41.250077
41.272960
41.296465
41.319675
41.342182
41.364915
41.387647
41.410606
41.433858
41.456794
41.480277
41.503040
41.525357
41.548179
41.571690
41.594702
41.618046
41.640993
41.663671
41.686339
41.709117
41.732110
41.755282
41.778362
41.801578
41.826530
41.846755
41.870706
41.893386
41.915583
41.938703
41.961707
41.984872
42.007695
42.031125
42.053899
42.077489
42.099912
42.122296
42.145402
42.168402
42.191402
42.214831
42.237851
42.260311
42.283838
42.307262
42.329581
42.352284
42.375127
42.398195
42.421261
42.444087
42.466887
42.490283
42.512828
42.536552
42.558897
42.582297
42.604927
42.628007
42.650806
42.674211
42.696701
42.720327
42.742725
42.766172
42.789406
42.811581
42.834516
42.857788
42.880640
42.904220
42.927318
42.950413
42.972434
42.995341
43.018378
43.041531
43.064426
43.087140
43.110625
43.134073
43.156137
43.180010
43.202130
43.225304
43.248159
43.270714
43.294658
43.318363
43.340876
43.362611
43.386093
43.409222
43.431857
43.454916
43.478032
43.500896
43.523614
43.546507
43.569593
43.592729
43.616143
43.639287
43.661537
43.685183
43.707460
43.730473
43.753566
43.776482
43.799198
43.822636
43.845464
43.868799
43.891023
43.916016
43.937256
43.960203
43.983204
44.006422
44.029108
44.052848
44.075043
44.098088
44.121108
44.143907
44.166742
44.190089
44.212915
44.236224
44.259405
44.281498
44.304451
44.327657
44.350685
44.373708
44.396963
44.420021
44.443105
44.465771
44.489269
44.511135
44.534428
44.557428
44.580010
44.603869
44.627043
44.650073
44.672963
44.694965
44.717773
44.741046
44.763952
44.786709
44.810074
44.832866
44.855892
44.878666
44.902287
44.924520
44.947717
44.970629
44.993884
45.016969
45.040094
45.062423
45.085628
45.108460
45.131572
45.154589
45.177850
45.200659
45.223876
45.246598
45.269346
45.292450
45.315261
45.338626
45.361394
45.384738
45.407601
45.430053
45.453086
45.476156
45.498979
45.522425
45.545152
45.568485
45.590713
45.614660
45.637168
45.659697
45.683226
45.705864
45.729012
45.751630
45.775047
45.797863
45.820865
45.843338
45.866428
45.889739
45.913018
45.935266
45.958764
45.982096
46.004140
46.027311
46.050576
46.073457
46.095996
46.119438
46.142996
46.165808
46.188364
46.211021
46.234102
46.257191
46.279981
46.302814
46.326225
46.349061
46.372913
46.395252
46.417710
46.440820
46.463737
46.486612
46.510063
46.532847
46.556107
46.579446
46.601840
46.624446
46.647306
46.670299
46.693409
46.716411
46.739199
46.762569
46.785742
46.808093
46.831683
46.855088
46.877007
46.900171
46.922820
46.946333
46.969099
46.992481
47.015599
47.038196
47.060997
47.083758
47.106879
47.129849
47.152842
47.175727
47.198872
47.222446
47.245571
47.267446
47.290367
47.313670
47.336544
47.359887
47.382797
47.405443
47.428994
47.452267
47.474186
47.497188
47.520092
47.542993
47.566461
47.589790
47.612248
47.634976
47.658327
47.680772
47.704003
47.726710
47.750260
47.773062
47.795982
47.819716
47.841710
47.864842
47.887726
47.910779
47.934210
47.957337
47.980428
48.003435
48.025533
48.048601
48.071446
48.094589
48.117522
48.140518
48.163905
48.187049
48.210133
48.233199
48.255532
48.278189
48.301163
48.324191
48.347150
48.370211
48.393252
48.415767
48.438885
48.461890
48.485174
48.507879
48.530802
48.554169
48.577696
48.599686
48.622514
48.646008
48.669252
48.691662
48.715261
48.738302
48.761407
48.783808
48.806676
48.829463
48.852560
48.875328
48.898828
48.921605
48.944478
48.968223
48.990471
49.013161
49.036234
49.059061
49.082757
49.105002
49.128252
49.150795
49.174108
49.197090
49.219899
49.243336
49.266037
49.289007
49.312369
49.334565
49.357859
49.380981
49.403653
49.426767
49.450050
49.472704
49.496430
49.519448
49.541360
49.564559
49.587229
49.610951
49.633620
49.656373
49.680306
49.702518
49.725109
49.748119
49.771093
49.794319
49.817263
49.840124
49.862735
49.886083
49.909308
49.932009
49.954736
49.978052
50.001077
50.023884
50.046536
50.070057
50.093401
50.116508
50.139648
50.161884
50.184782
50.207500
50.230328
50.253455
50.276634
50.300109
50.323238
50.345293
50.368168
50.391299
50.414498
50.437453
50.460764
50.483966
50.507033
50.530119
50.552014
50.574992
50.598377
50.621449
50.643861
50.667657
50.690735
50.713800
50.735577
50.758588
50.781839
50.804845
50.827720
50.850627
50.874057
50.897084
50.919766
50.942488
50.965616
50.988634
51.011412
51.034584
51.058103
51.081308
51.103427
51.126299
51.148994
51.172134
51.195509
51.218855
51.242074
51.265029
51.287009
51.310105
51.333240
51.356015
51.379403
51.402126
51.425641
51.448418
51.471805
51.494070
51.516690
51.539682
51.562422
51.585669
51.609168
51.632287
51.654485
51.678475
51.700297
51.723472
51.746487
51.769649
51.792559
51.818412
51.838994
51.861406
51.884425
51.907266
51.930216
51.953215
51.976186
51.999009
52.022415
52.045282
52.068428
52.090968
52.114001
52.137135
52.159896
52.182557
52.205739
52.229085
52.252421
52.274662
52.298054
52.320559
52.343479
52.366408
52.389858
52.412688
52.436013
52.458441
52.482185
52.504567
52.528367
52.550168
52.573466
52.596512
52.619247
52.642720
52.665291
52.689094
52.712120
52.734547
52.756847
52.780017
52.802925
52.826459
52.849561
52.872710
52.895005
52.918284
52.941033
52.963762
52.986567
53.009777
53.032835
53.055669
53.078801
53.102073
53.125511
53.148477
53.170479
53.193654
53.216510
53.239396
53.262378
53.285577
53.308970
53.331212
53.354237
53.377337
53.400298
53.423122
53.446484
53.469304
53.492306
53.516051
53.538240
53.561172
53.584129
53.606840
53.630148
53.653040
53.675812
53.698645
53.722117
53.745496
53.768574
53.791721
53.814149
53.836924
53.859654
53.882510
53.906058
53.928827
53.952062
53.974973
53.997717
54.020285
54.043431
54.066715
54.089554
54.112438
54.135745
54.158628
54.181363
54.204189
54.227083
54.250482
54.273206
54.296072
54.318879
54.342574
54.364912
54.387963
54.410868
54.434071
54.457019
54.479833
54.503341
54.526553
54.548696
54.571691
54.594443
54.617681
54.640786
54.663573
54.686680
54.709641
54.732541
54.755867
54.779267
54.801421
54.824202
54.847132
54.870360
54.893555
54.916296
54.939143
54.962470
54.985843
55.008677
55.030928
55.054153
55.077178
55.100473
55.122781
55.146181
55.169777
55.192284
55.215144
55.237610
55.260826
55.283630
55.306780
55.329991
55.352924
55.376068
55.399448
55.421358
55.444571
55.467495
55.490640
55.513656
55.536463
55.559289
55.582780
55.606429
55.628338
55.651066
55.674316
55.697282
55.720112
55.743623
55.766195
55.789854
55.812857
55.835752
55.857749
55.880937
55.903866
55.926745
55.950111
55.973427
55.996228
56.019470
56.041692
56.064600
56.087510
56.111071
56.133760
56.157119
56.180015
56.202324
56.225467
56.248377
56.271078
56.294781
56.317474
56.341142
56.363008
56.385852
56.409303
56.432146
56.454973
56.478501
56.501303
56.524623
56.546920
56.570271
56.592800
56.615832
56.638663
56.662058
56.685412
56.708502
56.731574
56.753546
56.776556
56.799574
56.822561
56.845635
56.868429
57.119718
57.371004
57.622087
57.872900
58.124584
58.375351
58.626350
58.877317
59.128306

