50.242005
50.252415
50.262582
50.274307
50.285585
50.296739
50.308563
50.319112
50.330697
50.342264
50.352628
50.364168
50.375301
50.386548
50.397639
50.408841
50.420043
50.431589
50.443229
50.453638
50.465155
50.476367
50.487309
50.498602
50.509812
50.521043
50.532506
50.543957
50.554877
50.565801
50.577332
50.588482
50.599671
50.610721
50.622057
50.633303
50.644458
50.655627
50.666879
50.678402
50.689244
50.700870
50.711774
50.722847
50.734158
50.745240
50.756935
50.767965
50.778940
50.790725
50.802910
50.812557
50.824910
50.834898
50.846185
50.857662
50.868922
50.879888
50.891053
50.902532
50.914022
50.924847
50.935881
50.947157
50.959006
50.969769
50.981062
50.992138
51.003346
51.015001
51.025810
51.037334
51.048511
51.060438
51.070758
51.081878
51.093130
51.104228
51.115565
51.126977
51.137995
51.149390
51.160401
51.171465
51.182994
51.194380
51.205374
51.216414
51.230818
51.238723
51.250118
51.261528
51.272573
51.283612
51.294752
51.306064
51.317221
51.328550
51.339992
51.351272
51.363112
51.373691
51.385257
51.395844
51.407335
51.419190
51.429749
51.441756
51.451985
51.463242
51.474249
51.485449
51.496978
51.508056
51.519249
51.530576
51.542124
51.552903
51.564081
51.575091
51.586739
51.598022
51.609110
51.620129
51.631244
51.643286
51.654272
51.665563
51.676310
51.687416
51.698919
51.709992
51.721135
51.732387
51.743442
51.754792
51.766254
51.777251
51.788340
51.799565
51.810670
51.821981
51.833197
51.844516
51.856114
51.867348
51.878692
51.889580
51.901359
51.912637
51.923375
51.934895
51.945923
51.956767
51.967907
51.979012
51.990492
52.001790
52.012910
52.023888
52.035190
52.046866
52.057984
52.069068
52.080182
52.091831
52.103241
52.114556
52.125509
52.136231
52.147823
52.158821
52.169699
52.181107
52.192318
52.203309
52.214877
52.226044
52.237346
52.248467
52.259413
52.270942
52.282172
52.292998
52.304148
52.315348
52.327431
52.338213
52.349137
52.360444
52.371426
52.382845
52.394199
52.405443
52.416517
52.427615
52.439020
52.450248
52.461543
52.472506
52.483631
52.495892
52.506590
52.517480
52.528578
52.539712
52.550969
52.562432
52.573517
52.584850
52.595860
52.606897
52.618478
52.630197
52.641403
52.652685
52.664072
52.674808
52.686585
52.697065
52.707928
52.719149
52.730842
52.741915
52.752988
52.764214
52.775873
52.786923
52.797975
52.809147
52.820227
52.831339
52.842673
52.853808
52.865487
52.876536
52.887333
52.899041
52.910274
52.921152
52.933158
52.943788
52.954917
52.966149
52.977998
52.988681
52.999688
53.010876
53.022188
53.033604
53.044618
53.055855
53.067096
53.078147
53.089271
53.101153
53.111697
53.123074
53.135064
53.146013
53.156601
53.167853
53.178964
53.190368
53.201703
53.212759
53.223880
53.235491
53.246601
53.257854
53.269133
53.279866
53.291254
53.302777
53.313836
53.325273
53.336114
53.347136
53.358337
53.369720
53.381004
53.391954
53.403307
53.415033
53.425790
53.436963
53.448595
53.459664
53.470858
53.482119
53.493277
53.504465
53.515478
53.527257
53.538078
53.549496
53.562382
53.571592
53.583723
53.595079
53.605171
53.617055
53.628010
53.639126
53.650014
53.661241
53.672599
53.683703
53.695000
53.706371
53.717521
53.728748
53.739952
53.751186
53.762736
53.773919
53.784910
53.795973
53.807352
53.818773
53.829824
53.841481
53.852617
53.863890
53.874593
53.886452
53.896706
53.908025
53.920957
53.930487
53.941810
53.952911
53.964100
53.975444
53.986694
53.998005
54.009024
54.020372
54.031393
54.043033
54.054501
54.065439
54.076557
54.087492
54.099310
54.110366
54.121441
54.132557
54.143621
54.155554
54.166056
54.177476
54.188358
54.199795
54.210969
54.222298
54.233585
54.244947
54.255896
54.267373
54.278509
54.289298
54.300878
54.312548
54.323409
54.334390
54.345643
54.356858
54.367935
54.379197
54.390385
54.401604
54.412920
54.425105
54.435166
54.446989
54.457990
54.468720
54.480055
54.491211
54.502563
54.514693
54.525053
54.536125
54.547378
54.558537
54.569750
54.581022
54.592064
54.603506
54.615065
54.626195
54.637010
54.648309
54.659359
54.670802
54.681932
54.693250
54.704385
54.716722
54.726962
54.738270
54.749176
54.760505
54.771931
54.783301
54.794358
54.805559
54.816686
54.827756
54.839268
54.850558
54.861340
54.872680
54.883573
54.895091
54.906185
54.917337
54.928465
54.939667
54.950822
54.962216
54.973419
54.984646
54.995953
55.006941
55.018270
55.029697
55.040812
55.052018
55.064431
55.074770
55.085947
55.097120
55.108297
55.119455
55.130922
55.141835
55.153151
55.164200
55.175990
55.186939
55.198145
55.208966
55.220165
55.231419
55.242734
55.254010
55.265272
55.276498
55.287523
55.299138
55.310339
55.321125
55.332538
55.344176
55.354942
55.366394
55.377207
55.388904
55.399612
55.411121
55.423423
55.433176
55.445031
55.455777
55.466887
55.478440
55.489440
55.500734
55.512274
55.522986
55.534183
55.545614
55.556756
55.567825
55.578978
55.590566
55.601753
55.612911
55.624055
55.635278
55.646978
55.657977
55.669076
55.680247
55.691212
55.703347
55.713980
55.725161
55.736242
55.747412
55.759088
55.769662
55.781013
55.792350
55.803496
55.814913
55.826247
55.837263
55.848599
55.860119
55.870888
55.881849
55.893249
55.904250
55.915619
55.926735
55.937976
55.949468
55.960612
55.971447
55.983047
55.994298
56.005481
56.016892
56.027688
56.038886
56.050358
56.061727
56.072802
56.084082
56.095260
56.106250
56.117535
56.128673
56.139834
56.151235
56.162682
56.173618
56.184860
56.195914
56.207371
56.218578
56.230501
56.240932
56.252715
56.263290
56.274461
56.285742
56.296848
56.308113
56.319468
56.330591
56.341876
56.352890
56.364393
56.375536
56.387088
56.398859
56.408921
56.420600
56.431391
56.442972
56.453965
56.465093
56.476405
56.487497
56.499005
56.510501
56.521086
56.532585
56.543676
56.554776
56.566563
56.577982
56.588669
56.599720
56.611391
56.622790
56.634126
56.645235
56.655943
56.667728
56.678511
56.690115
56.700936
56.712922
56.723357
56.734898
56.746122
56.756562
56.768043
56.779213
56.790426
56.801644
56.812932
56.824150
56.835294
56.848544
56.857666
56.869007
56.880074
56.891241
56.903102
56.913896
56.926410
56.936062
56.947532
56.959150
56.969954
56.981045
56.995050
57.003381
57.015100
57.025999
57.036913
57.048193
57.059373
57.071066
57.082362
57.093302
57.104558
57.116307
57.126757
57.138099
57.149335
57.160573
57.171760
57.182951
57.189999
57.194306
57.205398
57.216747
57.227879
57.238914
57.250084
57.261419
57.272808
57.284540
57.294901
57.306039
57.317810
57.328765
57.339887
57.350900
57.362575
57.373931
57.384911
57.396181
57.407561
57.418221
57.429489
57.440677
57.452009
57.463417
57.474503
57.485623
57.497239
57.508139
57.519348
57.530442
57.543329
57.553782
57.564071
57.575342
57.586524
57.598198
57.609188
57.620274
57.631845
57.643649
57.654064
57.665012
57.676166
57.687415
57.699117
57.710087
57.722042
57.732651
57.743536
57.754913
57.766240
57.777213
57.788483
57.799745
57.811352
57.822146
57.833279
57.844636
57.855801
57.867223
57.878719
57.889360
57.900693
57.912366
57.923096
57.934529
57.946408
57.956895
57.968123
57.979216
57.990998
58.001807
58.012862
58.024091
58.035215
58.046319
58.058276
58.069245
58.080007
58.091264
58.102964
58.114053
58.125265
58.136259
58.147523
58.158864
58.170039
58.181186
58.192322
58.203577
58.215017
58.226062
58.237245
58.248784
58.259745
58.271052
58.282252
58.293247
58.304365
58.315783
58.326779
58.338189
58.349425
58.360495
58.371649
58.383461
58.394124
58.405288
58.417026
58.428283
58.439155
58.451222
58.462483
58.472857
58.483845
58.494961
58.506231
58.517694
58.528710
58.539761
58.551038
58.562768
58.574151
58.584976
58.596008
58.608230
58.618939
58.629592
58.640834
58.652132
58.663298
58.675033
58.686259
58.697244
58.708541
58.719336
58.731038
58.742371
58.753339
58.764428
58.775625
58.786713
58.798831
58.809524
58.820219
58.831483
58.842854
58.854078
58.865631
58.876433
58.887584
58.899024
58.909932
58.922531
58.932348
58.943658
58.955050
58.966170
58.977351
58.988543
58.999713
59.010881
59.022354
59.033374
59.044482
59.055773
59.066882
59.078494
59.089439
59.100703
59.111818
59.123028
59.134215
59.145709
59.156632
59.167949
59.179406
59.190758
59.201810
59.212853
59.224054
59.235185
59.246495
59.257875
59.268803
59.280125
59.291250
59.302600
59.314021
59.325073
59.336335
59.347559
59.358681
59.369755
59.381372
59.392157
59.403423
59.414815
59.426163
59.437852
59.448562
59.459571
59.471632
59.482107
59.493144
59.504399
59.515900
59.526922
59.538019
59.550892
59.560517
59.571643
59.582936
59.594585
59.605361
59.616529
59.627789
59.638838
59.650591
59.661844
59.672634
59.683846
59.695044
59.706396
59.717747
59.728948
59.740044
59.751154
59.762348
59.773834
59.784965
59.796265
59.807116
59.818711
59.829706
59.840985
59.852146
59.863459
59.874997
59.886379
59.897689
59.908246
59.919731
59.931196
59.941841
59.953275
59.964730
59.975548
59.986921
59.997925
00.009229
00.020339
00.031584
00.042914
00.054163
00.066214
00.076378
00.087529
00.099181
00.110006
00.121725
00.132603
00.143651
00.154870
00.166190
00.177713
00.189087
00.200000
00.210866
00.222240
00.233592
00.244919
00.256104
00.267197
00.278720
00.289729
00.300919
00.311917
00.323039
00.334479
00.346932
00.357242
00.368136
00.379212
00.391311
00.402024
00.413087
00.424038
00.435792
00.447228
00.458045
00.469656
00.481041
00.491207
00.502780
00.513911
00.525078
00.536362
00.547380
00.558881
00.569807
00.581056
00.592285
00.603468
00.614864
00.625915
00.637026
00.648405
00.659467
00.670976
00.682136
00.693708
00.704726
00.716119
00.726932
00.738062
00.749579
00.760929
00.771974
00.782905
00.794216
00.805285
00.816661
00.827869
00.838997
00.850553
00.861574
00.872656
00.883834
00.894984
00.906375
00.917732
00.928819
00.940050
00.951236
00.963302
00.973717
00.984792
00.996812
01.008385
01.018959
01.029767
01.041183
01.052139
01.063218
01.074475
01.085672
01.097702
01.108371
01.119434
01.130837
01.142359
01.153361
01.164165
01.175330
01.186950
01.198713
01.209075
01.220361
01.231537
01.243380
01.254676
01.265941
01.276598
01.287732
01.298914
01.310275
01.321370
01.332585
01.343704
01.354977
01.366544
01.377696
01.388847
01.399995
01.411067
01.422567
01.433633
01.444854
01.456095
01.467217
01.478479
01.489661
01.500907
01.511969
01.523154
01.534831
01.545979
01.556863
01.568232
01.579756
01.590695
01.602323
01.613042
01.624032
01.635337
01.646594
01.657799
01.669120
01.680214
01.691356
01.702801
01.713974
01.725135
01.736457
01.747429
01.759074
01.770412
01.781413
01.792629
01.803674
01.815305
01.826253
01.837095
01.848489
01.859727
01.870905
01.882028
01.893128
01.904537
01.915812
01.926780
01.938078
01.949394
01.960848
01.971806
01.982865
01.994162
02.005450
02.016688
02.027833
02.038935
02.050318
02.061527
02.072768
02.083821
02.095059
02.106591
02.117794
02.129377
02.140161
02.151179
02.162371
02.173644
02.184845
02.196204
02.207164
02.218458
02.229860
02.240852
02.251993
02.263430
02.274832
02.285768
02.297175
02.308340
02.319476
02.330850
02.341880
02.353253
02.364264
02.375431
02.386889
02.398077
02.409072
02.420461
02.431612
02.442911
02.454061
02.465715
02.476524
02.487632
02.499128
02.510166
02.521233
02.532715
02.543785
02.555025
02.566166
02.577383
02.588479
02.599819
02.610912
02.622786
02.633449
02.644534
02.655808
02.667161
02.678399
02.689574
02.700919
02.711917
02.723120
02.734928
02.745989
02.756990
02.768243
02.779316
02.791051
02.802045
02.813360
02.824292
02.835901
02.847201
02.858295
02.869477
02.880299
02.892097
02.902668
02.914259
02.925177
02.936502
02.947643
02.958855
02.969930
02.981220
02.992266
03.003557
03.014896
03.026106
03.037156
03.048434
03.059682
03.070808
03.082389
03.093524
03.104604
03.115768
03.127048
03.138459
03.149990
03.160774
03.171935
03.183195
03.194472
03.206472
03.216887
03.227894
03.239022
03.250784
03.262211
03.272959
03.284170
03.295619
03.306738
03.318166
03.329034
03.340198
03.351840
03.363134
03.373916
03.384943
03.396305
03.407449
03.419054
03.430142
03.441377
03.452525
03.464094
03.475194
03.486253
03.497371
03.508444
03.519720
03.531023
03.542904
03.553270
03.564471
03.575673
03.586884
03.598310
03.609517
03.620612
03.631687
03.643102
03.654366
03.665671
03.676684
03.687848
03.699355
03.710044
03.721211
03.732585
03.743712
03.754837
03.766366
03.777669
03.788662
03.800041
03.811078
03.822310
03.833697
03.844869
03.855928
03.867153
03.878558
03.889618
03.901687
03.912202
03.923447
03.935091
03.946226
03.957005
03.968480
03.979381
03.990710
04.002060
04.013051
04.024121
04.035298
04.046966
04.058099
04.069320
04.080900
04.091532
04.103101
04.114256
04.125301
04.136504
04.147695
04.158807
04.170043
04.181283
04.192283
04.203625
04.214927
04.226448
04.237468
04.248506
04.259874
04.270857
04.282028
04.294259
04.304515
04.315974
04.327168
04.338331
04.349393
04.360721
04.371724
04.383267
04.394655
04.405509
04.416770
04.428709
04.439536
04.450799
04.461549
04.473257
04.484036
04.495079
04.506442
04.517799
04.529054
04.540189
04.551649
04.563331
04.574187
04.585005
04.596083
04.607919
04.618448
04.629826
04.641102
04.652345
04.663597
04.674798
04.686581
04.697398
04.708368
04.719583
04.731065
04.742089
04.753297
04.764250
04.775492
04.787022
04.798197
04.809396
04.820553
04.831477
04.843013
04.854519
04.865479
04.877609
04.887971
04.900031
04.910387
04.921503
04.932898
04.943907
04.955010
04.966523
04.977675
04.988758
04.999859
05.011617
05.022598
05.033668
05.045413
05.055957
05.067451
05.078497
05.089659
05.100913
05.112078
05.123046
05.134819
05.146196
05.156988
05.168148
05.182064
05.190405
05.202204
05.213259
05.224161
05.235388
05.246684
05.258528
05.269252
05.280143
05.291367
05.302759
05.314077
05.325536
05.336436
05.347451
05.359271
05.370106
05.381250
05.393164
05.403594
05.416055
05.426331
05.437398
05.448704
05.459977
05.470948
05.482090
05.493666
05.504746
05.517075
05.527017
05.538117
05.549642
05.560876
05.572280
05.583427
05.594206
05.605431
05.617013
05.627922
05.638964
05.650801
05.662818
05.672992
05.685279
05.695204
05.706365
05.718068
05.728900
05.740142
05.751369
05.762556
05.773883
05.784963
05.796116
05.807275
05.818980
05.830834
05.841219
05.852510
05.863502
05.874609
05.885980
05.897257
05.908403
05.919434
05.931227
05.941875
05.953468
05.965314
05.975815
05.987022
05.999096
06.009354
06.020574
06.031530
06.042905
06.054108
06.065366
06.076802
06.087856
06.099097
06.110437
06.121653
06.132993
06.143996
06.155966
06.166524
06.178412
06.189559
06.200132
06.211032
06.222251
06.233475
06.244753
06.255887
06.267125
06.278333
06.290110
06.301426
06.311966
06.323140
06.334584
06.346094
06.356855
06.368078
06.379425
06.391039
06.402108
06.413282
06.424370
06.436137
06.447185
06.458266
06.469798
06.481037
06.491478
06.502950
06.515042
06.525851
06.536751
06.547605
06.558831
06.570184
06.581369
06.592522
06.603832
06.615245
06.626496
06.637608
06.648830
06.659944
06.671552
06.682353
06.694334
06.705184
06.715937
06.727022
06.738404
06.749584
06.760780
06.771881
06.783282
06.794301
06.805833
06.817077
06.828032
06.839122
06.850900
06.861945
06.872719
06.884083
06.895180
06.906462
06.917932
06.929058
06.939973
06.951409
06.962768
06.973975
06.985546
06.996748
07.007338
07.019024
07.030584
07.041288
07.052968
07.064278
07.074984
07.086008
07.097149
07.108355
07.119630
07.131177
07.142270
07.153284
07.164568
07.176225
07.187591
07.198408
07.210270
07.220439
07.231774
07.242753
07.254037
07.265472
07.277202
07.287926
07.298759
07.310590
07.321523
07.332726
07.343869
07.355088
07.366768
07.377784
07.388625
07.399875
07.411008
07.422433
07.433801
07.444971
07.456049
07.467535
07.478856
07.489884
07.501511
07.512147
07.523256
07.535383
07.545724
07.557165
07.568946
07.579406
07.590798
07.602133
07.613047
07.624275
07.635937
07.646875
07.658134
07.669990
07.680634
07.691864
07.703248
07.714210
07.725357
07.736638
07.747502
07.758764
07.770443
07.781237
07.792463
07.804503
07.815161
07.826403
07.837277
07.849288
07.860339
07.871063
07.882343
07.893377
07.904717
07.916043
07.927303
07.938743
07.949770
07.961659
07.972005
07.983568
07.994334
08.005373
08.017307
08.028102
08.039181
08.050307
08.061933
08.073238
08.084396
08.095923
08.106467
08.117769
08.128948
08.140394
08.151297
08.162804
08.173918
08.185132
08.196340
08.214173
08.228002
08.258271
08.258312
08.258329
08.268590
08.274463
08.285295
08.296699
08.307821
08.320172
08.330583
08.341457
08.353064
08.364709
08.375920
08.386470
08.398079
08.409576
08.419971
08.431309
08.442899
08.454433
08.465344
08.476541
08.487681
08.500276
08.509985
08.521228
08.532505
08.543722
08.555111
08.566282
08.577492
08.588785
08.599856
08.610933
08.622216
08.633698
08.644875
08.656464
08.667395
08.678559
08.690153
08.700603
08.711899
08.723154
08.734787
08.745851
08.757059
08.768017
08.779020
08.790236
08.801795
08.812979
08.824016
08.835230
08.846825
08.858020
08.869093
08.880639
08.891488
08.903125
08.914244
08.925446
08.936414
08.948135
08.959120
08.970834
08.982228
08.993484
09.004707
09.015341
09.025967
09.037314
09.048657
09.059792
09.071107
09.082386
09.093653
09.104829
09.115904
09.127334
09.138767
09.149826
09.160916
09.172522
09.183610
09.194701
09.206527
09.217155
09.228069
09.240316
09.251415
09.261792
09.272791
09.283915
09.294989
09.306569
09.318061
09.328916
09.339937
09.351107
09.362989
09.373919
09.385118
09.397230
09.407949
09.418791
09.430043
09.441219
09.452437
09.463395
09.475045
09.486272
09.497386
09.508483
09.519711
09.530804
09.542925
09.554046
09.564622
09.576701
09.587846
09.599242
09.610281
09.620503
09.631739
09.643159
09.654408
09.665598
09.676748
09.687963
09.699220
09.710516
09.721637
09.733082
09.744358
09.755418
09.766604
09.778562
09.788810
09.799870
09.811042
09.822756
09.833653
09.844752
09.856047
09.867191
09.878439
09.889565
09.901052
09.912044
09.923139
09.934731
09.945933
09.957119
09.968360
09.980217
09.991062
10.002006
10.013315
10.024977
10.035771
10.046582
10.058583
10.069037
10.080401
10.091487
10.103091
10.114222
10.125161
10.136426
10.147754
10.159419
10.170101
10.181517
10.192703
10.204114
10.216276
10.226503
10.237318
