20.328896
20.342821
20.353718
20.364826
20.376106
20.387019
20.398581
20.409913
20.421077
20.432066
20.443313
20.454961
20.466103
20.477733
20.487982
20.499445
20.510901
20.521992
20.533067
20.544211
20.555337
20.566776
20.578062
20.589314
20.600492
20.611430
20.623133
20.634172
20.645497
20.657078
20.668189
20.679264
20.690918
20.702021
20.713084
20.723580
20.734991
20.746257
20.757241
20.768778
20.779656
20.791169
20.802436
20.813633
20.824755
20.835837
20.847415
20.858709
20.870458
20.880702
20.892602
20.903351
20.915144
20.926181
20.936970
20.949024
20.959384
20.970961
20.981491
20.992636
21.003745
21.015077
21.027028
21.037487
21.048888
21.060121
21.071174
21.083111
21.094722
21.105224
21.117462
21.127703
21.138932
21.150380
21.161131
21.172217
21.183315
21.195046
21.205993
21.217171
21.228944
21.239422
21.251408
21.262581
21.273302
21.284726
21.295580
21.306849
21.318385
21.329596
21.340360
21.351789
21.363024
21.374704
21.385648
21.396819
21.408068
21.419772
21.430810
21.441786
21.452767
21.463919
21.475055
21.486353
21.497622
21.508699
21.519950
21.531106
21.542628
21.553633
21.564806
21.575990
21.587081
21.598415
21.610320
21.620839
21.632321
21.643348
21.654543
21.665577
21.676875
21.688176
21.699287
21.711019
21.721646
21.733504
21.744327
21.755606
21.766730
21.777965
21.789185
21.800367
21.811806
21.822821
21.834058
21.845350
21.856645
21.867584
21.879255
21.890156
21.901271
21.913188
21.923626
21.935130
21.946199
21.957350
21.969088
21.979787
21.991169
22.002390
22.013453
22.024818
22.036254
22.046908
22.057988
22.069577
22.080770
22.091800
22.103010
22.114748
22.125860
22.138007
22.148031
22.159136
22.170846
22.181712
22.193283
22.204142
22.215197
22.226879
22.237854
22.249020
22.260889
22.273308
22.282784
22.294274
22.305178
22.316489
22.327473
22.338905
22.350105
22.361270
22.372412
22.383419
22.395603
22.406164
22.418220
22.428619
22.439508
22.450860
22.462041
22.473340
22.484526
22.495708
22.507192
22.518460
22.529555
22.540785
22.551795
22.563199
22.574024
22.585668
22.597225
22.608121
22.619625
22.630244
22.641469
22.652775
22.663846
22.674967
22.686217
22.697804
22.708840
22.719872
22.731301
22.742467
22.754349
22.765724
22.776065
22.787253
22.799053
22.809466
22.820859
22.832145
22.843044
22.854866
22.865703
22.877047
22.888808
22.900022
22.911146
22.921794
22.933623
22.944325
22.955290
22.966782
22.977965
22.989150
23.000795
23.011582
23.022883
23.034190
23.045613
23.056641
23.072344
23.079038
23.089927
23.101249
23.112591
23.123661
23.134782
23.146162
23.157385
23.168761
23.179696
23.191304
23.202190
23.213543
23.224634
23.235964
23.248010
23.258382
23.269391
23.280810
23.292021
23.303165
23.314739
23.325515
23.336810
23.347994
23.359595
23.370809
23.382103
23.392878
23.404026
23.415362
23.426489
23.437659
23.449264
23.460428
23.471404
23.483361
23.494093
23.505087
23.516385
23.527758
23.538830
23.550082
23.561362
23.572629
23.583639
23.594557
23.606487
23.617340
23.628528
23.639599
23.650697
23.662169
23.673313
23.684299
23.695685
23.706896
23.718106
23.729195
23.740565
23.751703
23.762949
23.774602
23.785754
23.797358
23.808405
23.819457
23.830386
23.841728
23.852624
23.864040
23.875042
23.886373
23.897615
23.908876
23.920019
23.931228
23.942473
23.953692
23.965021
23.976517
23.987460
23.998554
24.009917
24.021061
24.032068
24.043336
24.054653
24.066329
24.077124
24.088213
24.099398
24.110414
24.121821
24.133205
24.144291
24.155601
24.167107
24.177918
24.189149
24.200950
24.211757
24.223071
24.234179
24.245572
24.256620
24.267613
24.279782
24.290259
24.301357
24.313388
24.323688
24.335201
24.346172
24.357321
24.368976
24.379918
24.391020
24.402858
24.414012
24.424801
24.436047
24.447114
24.458581
24.469867
24.481443
24.492496
24.503633
24.515127
24.525888
24.537164
24.548450
24.559246
24.570619
24.581952
24.592846
24.604146
24.615615
24.626695
24.637632
24.649030
24.660174
24.671341
24.682529
24.693973
24.705103
24.716599
24.727643
24.738757
24.750086
24.761277
24.772258
24.783541
24.794995
24.806435
24.817276
24.828987
24.840371
24.851650
24.862419
24.873135
24.884931
24.895856
24.907081
24.918550
24.929782
24.940711
24.952316
24.963404
24.974349
24.986123
24.997457
25.008517
25.019591
25.030436
25.041873
25.053140
25.064235
25.075197
25.086871
25.098172
25.108961
25.119974
25.131111
25.142316
25.154598
25.164662
25.175923
25.187106
25.198822
25.209862
25.220996
25.232486
25.243316
25.254469
25.266256
25.277284
25.288335
25.300708
25.311064
25.322031
25.333231
25.344324
25.355402
25.367226
25.378107
25.389092
25.400469
25.411665
25.422981
25.435217
25.445413
25.456603
25.467570
25.479079
25.490337
25.501434
25.513125
25.523734
25.535053
25.546548
25.558001
25.568748
25.580044
25.590925
25.602275
25.613656
25.624629
25.635775
25.647230
25.658484
25.669562
25.680903
25.692024
25.703254
25.714716
25.725517
