37.685043
37.696074
37.707267
37.718655
37.730041
37.740894
37.752156
37.763378
37.774551
37.786096
37.797075
37.809174
37.819747
37.830676
37.841892
37.853149
37.864317
37.875488
37.886730
37.897983
37.909353
37.920441
37.931633
37.943572
37.954226
37.965235
37.976543
37.987678
37.998821
38.010249
38.021398
38.032684
38.043688
38.054883
38.066322
38.077379
38.088769
38.099891
38.111032
38.122658
38.133878
38.144667
38.156308
38.167150
38.178304
38.189779
38.200912
38.212080
38.223420
38.234674
38.245723
38.256911
38.268072
38.279360
38.291044
38.301883
38.312964
38.324398
38.335609
38.346557
38.359705
38.369334
38.380314
38.391678
38.402864
38.413941
38.425481
38.436584
38.447470
38.458792
38.469814
38.481451
38.492504
38.503638
38.514912
38.526010
38.537343
38.548552
38.559637
38.570848
38.582338
38.593617
38.604820
38.616133
38.627165
38.638222
38.649601
38.660939
38.671876
38.683072
38.694582
38.705729
38.716903
38.728195
38.739501
38.750934
38.761979
38.773185
38.784242
38.795972
38.806780
38.817616
38.828913
38.840172
38.851282
38.862994
38.874026
38.885057
38.896266
38.907355
38.919041
38.930128
38.941824
38.952182
38.963397
38.974720
38.986019
38.997259
39.008351
39.019419
39.031173
39.042219
39.053342
39.064636
39.075552
39.086770
39.098052
39.109289
39.120411
39.132153
39.143115
39.154516
39.165721
39.176578
39.187856
39.199259
39.211055
39.221504
39.233083
39.245263
39.255260
39.266570
39.277570
39.288958
39.300365
39.311185
39.322342
39.334022
39.345017
39.356689
39.367356
39.378444
39.389872
39.401104
39.413154
39.423159
39.434735
39.445944
39.457234
39.468534
39.479469
39.490845
39.502580
39.513492
39.524260
39.535853
39.546879
39.558210
39.569354
39.581484
39.591465
39.602741
39.613950
39.625173
39.636291
39.647596
39.659908
39.670556
39.681497
39.692882
39.703680
39.715345
39.726521
39.738253
39.748771
39.760148
39.771521
39.782237
39.793656
39.804705
39.815939
39.827087
39.838458
39.849493
39.860722
39.871965
39.883268
39.894944
39.905776
39.916873
39.928039
39.939304
39.950941
39.961981
39.973109
39.984471
39.996451
40.006593
40.017812
40.029023
40.040205
40.051315
40.062834
40.073813
40.085376
40.096144
40.107368
40.118528
40.129890
40.140872
40.152611
40.163443
40.175234
40.186301
40.196989
40.208399
40.219723
40.231115
40.242332
40.253440
40.264731
40.275606
40.287447
40.298760
40.309922
40.320593
40.331883
40.343463
40.354488
40.366371
40.376715
40.387714
40.398904
40.410273
40.421736
40.432533
40.443818
40.455412
40.466769
40.478161
40.489011
40.500406
40.511762
40.522872
40.534956
40.545101
40.557069
40.568425
40.579562
40.590110
40.600760
40.611972
40.623121
40.634479
40.645951
40.656777
40.668224
40.679353
40.690672
40.701812
40.714179
40.724123
40.735365
40.746558
40.758036
40.769058
40.780458
40.791410
40.802717
40.813934
40.825253
40.836613
40.848355
40.858802
40.869792
40.881361
40.893703
40.903486
40.914969
40.926030
40.937147
40.948358
40.959576
40.971000
40.982280
40.993341
41.004479
41.015845
41.026862
41.038187
41.049656
41.060505
41.071938
41.083044
41.094264
41.105419
41.116707
41.127811
41.139254
41.150814
41.161912
41.172802
41.183998
41.195118
41.207755
41.217962
41.228818
41.241126
41.251728
41.262547
41.274085
41.285169
41.296172
41.307723
41.318876
41.330010
41.341916
41.352692
41.363380
41.374839
41.385863
41.397085
41.408359
41.419400
41.430821
41.441958
41.453230
41.464458
41.475545
41.486795
41.498203
41.509335
41.520641
41.531751
41.543120
41.554124
41.565684
41.577256
41.588020
41.599352
41.611199
41.621428
41.633086
41.643963
41.654948
41.666323
41.677615
41.688753
41.700036
41.711206
41.722286
41.733569
41.744814
41.756173
41.767322
41.778914
41.790114
41.800856
41.812182
41.823309
41.835045
41.845821
41.856969
41.868393
41.879308
41.890548
41.901867
41.913171
41.924240
41.936396
41.947230
41.957932
41.969183
41.980459
41.991484
42.002872
42.014334
42.025416
42.036536
42.047572
42.058800
42.070088
42.081635
42.092527
42.103780
42.114892
42.126324
42.137444
42.148888
42.159992
42.170916
42.182306
42.193564
42.204804
42.215819
42.226888
42.238252
42.249369
42.260798
42.272937
42.283082
42.294501
42.305715
42.317008
42.327998
42.339126
42.350502
42.361898
42.372946
42.384075
42.395226
42.406687
42.417815
42.429116
42.440415
42.451281
42.462572
42.473884
42.486066
42.496606
42.507415
42.518764
42.530093
42.541262
42.552459
42.563522
42.574815
42.586215
42.597583
42.608939
42.619635
42.631078
42.642826
42.653209
42.664660
42.675726
42.926312
43.177052
43.427205
43.677683
43.928265
44.179087
44.429976
44.680797
44.931560
