17.674534
17.677467
17.688036
17.699608
17.711523
17.721877
17.733253
17.744276
17.755414
17.767647
17.778316
17.789707
17.800603
17.811735
17.823321
17.834755
17.845277
17.856330
17.867807
17.879245
17.890510
17.901542
17.912806
17.923932
17.935535
17.946734
17.957564
17.968749
17.979826
17.991546
18.002349
18.013697
18.024614
18.035607
18.047054
18.058494
18.069698
18.080857
18.092041
18.103090
18.114485
18.126022
18.137023
18.148162
18.159097
18.171162
18.182017
18.193169
18.204207
18.215476
18.227055
18.238691
18.249243
18.260248
18.271508
18.282943
18.294080
18.305290
18.316517
18.327602
18.339237
18.350200
18.361282
18.372573
18.384167
18.394961
18.406046
18.417457
18.428747
18.439691
18.450894
18.462289
18.473533
18.484685
18.495869
18.507234
18.518507
18.529520
18.540626
18.552923
18.562855
18.574407
18.585401
18.597044
18.608203
18.618884
18.630092
18.641394
18.652790
18.663829
18.675050
18.686274
18.697818
18.709423
18.719967
18.731082
18.742738
18.754309
18.765191
18.776038
18.787270
18.798442
18.810135
18.820795
18.832110
18.843237
18.854973
18.865874
18.877041
18.888158
18.899395
18.910525
18.921601
18.933191
18.944264
18.955391
18.967058
18.978465
18.989097
19.000588
19.011672
19.022871
19.034769
19.045623
19.056659
19.068118
19.079267
19.089992
19.101347
19.112650
19.123650
19.134865
19.146810
19.157543
19.168916
19.179849
19.190952
19.202441
19.213759
19.224774
19.236214
19.247692
19.258801
19.270208
19.281945
19.292088
19.303312
19.314375
19.325564
19.336991
19.348079
19.359133
19.370859
19.382040
19.392892
19.404855
19.415325
19.426813
19.438056
19.449438
19.460226
19.471655
19.482859
19.493934
19.505468
19.516249
19.527520
19.538675
19.550198
19.561082
19.572371
19.583675
19.594669
19.605810
19.617122
19.628346
19.639543
19.650935
19.662318
19.673287
19.684624
19.695649
19.706864
19.718096
19.729294
19.740404
19.751701
19.763169
19.774092
19.785347
19.796773
19.807803
19.819206
19.830861
19.841970
19.852804
19.863965
19.875320
19.886301
19.897914
19.908927
19.919960
19.931103
19.942827
19.953606
19.964974
19.975977
19.987185
19.998527
20.009944
20.021293
20.032203
20.043301
20.054540
20.065927
20.076978
20.088256
20.099326
20.111158
20.122016
20.133125
20.144357
20.155439
20.167221
20.178261
20.189155
20.200385
20.212054
20.222926
20.234691
20.245372
20.256331
20.268145
20.278759
20.290667
20.301601
20.312575
20.324013
20.335003
20.346963
20.357674
20.368892
20.379947
20.391095
20.402874
20.414043
20.425166
20.436246
20.447669
20.459090
20.469640
20.480749
20.491869
20.503284
20.515767
20.526402
20.537002
20.548012
20.559343
20.570812
20.582018
20.593295
20.604399
20.615358
20.627080
20.637949
20.648938
20.660307
20.671409
20.682784
20.693785
20.705029
20.716243
20.727379
20.738932
20.750197
20.761302
20.772337
20.783554
20.794882
20.806496
20.817442
20.828446
20.839615
20.852059
20.862939
20.873249
20.884825
20.895783
20.907050
20.918297
20.929334
20.940664
20.951660
20.962876
20.974378
20.985451
20.996867
21.007944
21.019626
21.030459
21.041399
21.052638
21.063941
21.075094
21.086503
21.097868
21.109024
21.120115
21.131193
21.142686
21.153967
21.165000
21.176162
21.187266
21.198967
21.210056
21.220988
21.232298
21.243323
21.255016
21.265826
21.277133
21.288305
21.299918
21.310846
21.322037
21.333350
21.344560
21.355426
21.366966
21.377950
21.389302
21.400563
21.411683
21.422753
21.434337
21.445368
21.456474
21.467979
21.478993
21.490396
21.501823
21.512770
21.523925
21.535357
21.546219
21.557703
21.568852
21.579920
21.591185
21.602561
21.613864
21.624851
21.636202
21.647215
21.658587
21.670061
21.680741
21.691903
21.703203
21.714995
21.725613
21.736772
21.748021
21.759207
21.770556
21.781756
21.792839
21.804088
21.815693
21.826670
21.837838
21.849341
21.860839
21.871379
21.882719
21.893804
21.905128
21.916340
21.927605
21.938757
21.949923
21.961378
21.972477
21.983547
21.995197
22.006041
22.017657
22.028557
22.039613
22.051168
22.062305
22.073280
22.084590
22.095989
22.107177
22.118426
22.129553
22.141337
22.152351
22.162940
22.174267
22.185383
22.196685
22.207934
22.219235
22.230781
22.241556
22.252889
22.264055
22.275468
22.286798
22.297936
22.308803
22.319978
22.331155
22.342415
22.353741
22.364887
22.376105
22.387333
22.398788
22.409784
22.421155
22.432293
22.443409
22.455115
22.467046
22.477203
22.488512
22.499878
22.510815
22.521928
22.533121
22.544432
22.555558
22.567286
22.578352
22.589315
22.601319
22.611650
22.622832
22.634298
22.645394
22.656737
22.667845
22.679135
22.690263
22.701256
22.712618
22.723780
22.735024
22.746139
22.757462
22.770086
22.779841
22.790879
22.802255
22.813769
22.824917
22.836044
22.847330
22.858958
22.869847
22.881384
22.892274
22.903296
22.914866
22.926177
22.937382
22.948412
22.960048
22.971079
22.982467
22.993137
23.004160
23.015331
23.027287
23.037819
23.049006
23.060171
23.071720
23.082800
23.094305
23.105243
23.116358
23.128188
23.139204
23.150038
23.161493
23.172702
23.184673
23.195015
23.206037
23.217269
23.228508
23.239762
23.250849
23.262058
23.273593
23.284661
23.296381
23.307021
23.318553
23.329668
23.340644
23.351947
23.363106
23.374252
23.385431
23.396915
23.408028
23.419091
23.430477
23.441583
23.453012
23.464259
23.475343
23.486380
23.497847
23.508979
23.520039
23.531281
23.542711
23.553674
23.565127
23.576363
23.587439
23.598979
23.609759
23.621035
23.632260
23.643444
23.655132
23.666081
23.677069
23.688466
23.699650
23.710767
23.722263
23.733162
23.744430
23.756528
23.766729
23.778940
23.790051
23.800430
23.811799
23.823897
23.834141
23.846297
23.856914
23.867846
23.878906
23.890202
23.901398
23.912489
23.924037
23.935370
23.946239
23.957820
23.968764
23.979888
23.991965
24.002926
24.013646
24.024990
24.036255
24.047614
24.058541
24.069809
24.081288
24.092268
24.103456
24.114784
24.126555
24.137158
24.149117
24.159330
24.171586
24.181837
24.192899
24.204159
24.215405
24.226733
24.239238
24.249732
24.260404
24.271415
24.282670
24.293809
24.305071
24.317125
24.327775
24.338827
24.350486
24.361161
24.372855
24.383630
24.394769
24.405980
24.417331
24.428597
24.439622
24.450830
24.462204
24.473309
24.484489
24.495736
24.506886
24.518290
24.529552
24.540716
24.551773
24.563432
24.574356
24.585400
24.596970
24.607918
24.619229
24.630829
24.641651
24.652747
24.664069
24.675411
24.686655
24.697679
24.709394
24.720321
24.731690
24.742552
24.754552
24.765075
24.776180
24.787269
24.798759
24.810112
24.821099
24.832327
24.843552
24.854765
24.866173
24.877472
24.888594
24.899741
24.911617
24.922226
24.934110
24.944543
24.956633
24.967415
24.979261
24.990457
25.001695
25.012605
25.023242
25.034385
25.045374
25.056855
25.068066
25.079168
25.090765
25.101833
25.112971
25.124063
25.135149
25.146367
25.157644
25.169094
25.179921
25.191296
25.202823
25.214164
25.224924
25.236106
25.247191
25.259106
25.270514
25.280930
25.292133
25.303440
25.314746
25.326355
25.337774
25.348505
25.359314
25.370905
25.381900
25.394086
25.404795
25.416625
25.427064
25.437795
25.449338
25.460530
25.471567
25.482663
25.494267
25.505457
25.516765
25.528459
25.539001
25.550862
25.561521
25.573162
25.583737
25.594885
25.606028
25.617269
25.628488
25.639634
25.650809
25.662202
25.673330
25.685040
25.695719
25.706969
25.718505
25.729552
25.740592
25.751935
25.763062
25.774671
25.785689
25.796921
25.808208
25.819879
25.830597
25.842106
25.852866
25.864118
25.875145
25.886767
25.897827
25.908864
25.920021
25.931266
25.942632
25.953730
25.965047
25.976903
25.987315
25.999264
26.009830
26.021078
26.032329
26.043500
26.054727
26.066231
26.077431
26.088433
26.100263
26.110863
26.122818
26.133263
26.144296
26.155635
26.166853
26.178200
26.189435
26.200937
26.212256
26.223276
26.234566
26.245835
26.256858
26.268113
26.279052
26.290187
26.301570
26.312664
26.323882
26.335110
26.346391
26.357695
26.368813
26.379888
26.391179
26.402368
26.413645
26.424675
26.435944
26.447119
26.458890
26.469889
26.480981
26.492762
26.503506
26.514561
26.525683
26.537020
26.548348
26.559406
26.570950
26.582267
26.593024
26.604534
26.615844
26.627220
26.638489
26.649201
26.660431
26.671502
26.682834
26.694140
26.705186
26.716477
26.727810
26.738929
26.750177
26.761740
26.772705
26.783839
26.794953
26.806098
26.817379
26.828630
26.839723
26.850877
26.862105
26.873881
26.884985
26.895935
26.907119
26.918800
26.929876
26.940977
26.951901
26.963323
26.974842
26.985553
26.996833
27.008131
27.019353
27.030806
27.042017
27.053081
27.064180
27.075232
27.086995
27.098107
27.108992
27.120288
27.131729
27.142719
27.154156
27.165475
27.176408
27.187443
27.199251
27.210303
27.221278
27.232396
27.244481
27.254928
27.266552
27.277547
27.288644
27.299550
27.311085
27.322311
27.333659
27.344813
27.357791
27.367404
27.378209
27.389467
27.400665
27.411763
27.423035
27.434463
27.445479
27.456628
27.467876
27.478978
27.490602
27.501473
27.512859
27.523885
27.535247
27.546831
27.557960
27.568704
27.579967
27.591691
27.603195
27.613634
27.624860
27.636218
27.647201
27.658978
27.669979
27.681209
27.692234
27.703453
27.715142
27.725770
27.737395
27.748375
27.759708
27.771146
27.782262
27.793095
27.804511
27.815642
27.827117
27.838377
27.849507
27.860643
27.871647
27.883334
27.894515
27.905358
27.916641
27.927810
27.939371
27.950885
27.962154
27.973577
27.984859
27.995429
28.006002
28.017673
28.028689
28.039699
28.051250
28.062209
28.073540
28.084901
28.095671
28.106973
28.118314
28.129685
28.140671
28.151891
28.163092
28.174401
28.185613
28.196991
28.208325
28.219334
28.230410
28.241752
28.252955
28.264162
28.275253
28.286416
28.298098
28.309027
28.320236
28.331405
28.342502
28.353683
28.365242
28.376309
28.387434
28.398906
28.410693
28.421179
28.432309
28.444641
28.454839
28.466188
28.477343
28.488605
28.500194
28.511137
28.522091
28.533647
28.544543
28.555661
28.567026
28.578573
28.589990
28.601454
28.611802
28.622896
28.634311
28.645350
28.656526
28.668037
28.679042
28.691157
28.702026
28.712890
28.724055
28.735122
28.746478
28.757731
28.768893
28.780139
28.791108
28.802767
28.813508
28.824853
28.836004
28.847244
28.858386
28.869745
28.881379
28.892475
28.903271
28.914488
28.926122
28.937106
28.948279
28.959468
28.970675
28.982329
28.994060
29.004391
29.016106
29.026683
29.038096
29.049289
29.060519
29.071562
29.082947
29.094173
29.105332
29.117020
29.127973
29.139175
29.150318
29.161221
29.172523
29.183723
29.194999
29.206225
29.217430
29.228715
29.240008
29.251298
29.262319
29.273450
29.284665
29.296480
29.307611
29.318285
29.329625
29.340915
29.352425
29.363118
29.374311
29.385645
29.396958
29.408102
29.419229
29.430544
29.441654
29.453158
29.464241
29.475330
29.487208
29.498291
29.509370
29.520157
29.531523
29.543098
29.553797
29.565163
29.576831
29.588013
29.598748
29.610189
29.621258
29.632418
29.643673
29.654720
29.666051
29.677356
29.688497
29.700417
29.710965
29.722257
29.733375
29.745223
29.756486
29.767366
29.778742
29.789566
29.800723
29.812244
29.823386
29.834853
29.845699
29.856849
29.868224
29.879495
29.890610
29.902287
29.913179
29.924100
29.935799
29.947419
29.957615
29.970079
29.980291
29.991194
30.002586
30.014177
30.024874
30.036205
30.047408
30.058797
30.070302
30.081213
30.092355
30.103401
30.115200
30.126168
30.137528
30.148378
30.159631
30.171132
30.182017
30.193470
30.204526
30.215594
30.227343
30.238404
30.249458
30.261750
30.271692
30.283392
30.294279
30.305549
30.316863
30.327994
30.338785
30.350114
30.361545
30.372624
30.383940
30.395115
30.406531
30.417842
30.428929
30.440007
30.451412
30.463012
30.473969
30.485690
30.496412
30.508259
30.519638
30.530844
30.541400
30.551925
30.563102
30.574352
30.585977
30.597179
30.608224
30.619383
30.630412
30.641665
30.653112
30.664432
30.675474
30.687130
30.698189
30.709383
30.720202
30.731603
30.742973
30.754088
30.765347
30.776273
30.787447
30.798906
30.810093
30.821423
30.832616
30.844638
30.855791
30.866101
30.877348
30.888422
30.899861
30.910963
30.922264
30.933595
30.944786
30.955813
30.967298
30.978426
30.989734
31.001315
31.012021
31.023283
31.034846
31.045830
31.057536
31.068258
31.079149
31.090455
31.102145
31.113015
31.123892
31.135074
31.146755
31.157749
31.169010
31.180102
31.191224
31.202548
31.213682
31.225039
31.236343
31.247340
31.258830
31.269906
31.281278
31.292135
31.303763
31.314814
31.326123
31.337235
31.348286
31.359641
31.370806
31.382284
31.393540
31.404580
31.415545
31.427887
31.438077
31.449791
31.462147
31.472360
31.482970
31.494494
31.505495
31.516899
31.527998
31.538955
31.550334
31.561740
31.572924
31.583915
31.594966
31.606144
31.617565
31.628893
31.639815
31.651161
31.662228
31.673420
31.684754
31.695987
31.707099
31.718467
31.729592
31.740899
31.752181
31.763140
31.774399
31.785656
31.796996
31.808197
31.819655
31.830792
31.841868
31.853352
31.864248
31.875299
31.887129
31.897969
31.909394
31.920223
31.931453
31.942820
31.954073
31.965256
31.976479
31.987650
32.000469
32.010368
32.021366
32.032503
32.044638
32.055228
32.066212
32.077237
32.088592
32.099766
32.111048
32.122202
32.133397
32.144613
32.155959
32.167078
32.178357
32.189453
32.200603
32.211865
32.223023
32.234271
32.245864
32.257015
32.268055
32.279190
32.290857
32.301536
32.312772
32.324085
32.335318
32.346405
32.357665
32.368855
32.380114
32.391283
32.402512
32.413973
32.425067
32.436155
32.447452
32.458953
32.469752
32.481252
32.492405
32.503526
32.514777
32.526513
32.537443
32.548269
32.559433
32.570840
32.582107
32.594057
32.604893
32.615481
32.627189
32.638311
32.649229
32.660620
32.671676
32.683079
32.694105
32.705250
32.716653
32.728439
32.739071
32.750666
32.761502
32.772853
32.784015
32.795030
32.806819
32.817881
32.829026
32.840108
32.851767
32.862941
32.874915
32.885099
32.896477
32.907353
32.918548
32.929807
32.940924
32.952377
32.963295
32.974851
32.986003
32.997261
33.008355
33.019307
33.031159
33.042293
33.053495
33.065284
33.076369
33.086738
33.098904
33.109538
33.123058
33.131407
33.143032
33.155360
33.165375
33.176309
33.187511
33.199033
33.210073
33.221351
33.232786
33.243798
33.254903
33.266312
33.277604
33.288556
33.300130
33.310947
33.322039
33.333663
33.344950
33.355891
33.367025
33.378978
33.389719
33.400684
33.412424
33.423081
33.434591
33.445646
33.457049
33.468323
33.479160
33.490350
33.502010
33.513057
33.524019
33.535782
33.546818
33.557876
33.568965
33.580432
33.591432
33.602585
33.614592
33.625427
33.636066
33.647504
33.658633
33.669913
33.681202
33.692308
33.703499
33.714780
33.726310
33.736991
33.748343
33.759490
33.771203
33.782111
33.793194
33.804678
33.815750
33.826862
33.838024
33.849525
33.860555
33.871620
33.882854
33.894070
33.905286
33.916545
33.928441
33.938995
33.950463
33.961357
33.972553
33.983945
33.994970
34.006246
34.017533
34.028753
34.039990
34.051138
34.062361
34.073503
34.084944
34.095896
34.107152
34.118434
34.129702
34.140672
34.152053
34.163202
34.174399
34.185905
34.197115
34.208276
34.219275
34.231509
34.241983
34.253207
34.264284
34.275692
34.286869
34.298046
34.309484
34.320569
34.331570
34.343118
34.354058
34.365440
34.376977
34.387752
34.398867
34.411329
34.421784
34.432703
34.444291
34.455092
34.466192
34.478222
34.489344
34.499721
34.510999
34.522201
34.533764
34.544802
34.555881
34.567604
34.578239
34.589591
34.600779
34.612132
34.623519
34.634787
34.645857
34.657172
34.668194
34.679090
34.690512
34.701940
34.712892
34.724222
34.735985
34.746327
34.758859
34.769040
34.780236
34.791582
34.802883
34.813887
34.826284
34.836338
34.847322
34.859232
34.870433
34.880933
34.892448
34.904175
34.914957
34.926061
34.937208
34.948456
34.959684
34.970709
34.982432
34.994097
35.004561
35.015582
35.026734
35.038072
35.049342
35.060636
35.072203
35.082821
35.094481
35.105517
35.116602
35.127762
35.139303
35.150373
35.161654
35.172820
35.183986
35.194954
35.206366
35.217634
35.228716
35.241043
35.251273
35.262278
35.273844
35.284920
35.296053
35.307225
35.318444
35.329930
35.341152
35.352075
35.363339
35.374429
35.385750
35.397193
35.408301
35.419386
35.431261
35.442107
35.453048
35.464216
35.475441
35.486803
35.497937
35.509002
35.520297
35.531565
35.542724
35.554001
35.565205
35.576381
35.587656
35.598796
35.610019
35.621448
35.632745
35.643860
35.654861
35.666518
35.677537
35.689048
35.699957
35.711090
35.722366
35.733685
35.745195
35.756046
35.766992
35.779357
35.789987
35.800896
35.812006
35.823152
35.834633
35.846067
35.857215
35.868571
35.879372
35.890772
35.901901
35.912858
35.924181
35.935274
35.946571
35.957917
35.969030
35.980427
35.991583
36.002866
36.014426
36.025204
36.036520
36.047745
36.059144
36.070259
36.081945
36.092801
36.103627
36.116237
36.126039
36.137230
36.148506
36.159834
36.171133
36.182045
36.193273
36.204627
36.216249
36.227184
36.238040
36.249550
36.261003
36.271821
36.283340
36.294580
36.305676
36.316866
36.327889
36.339300
36.350500
36.361917
36.372807
36.383941
36.395508
36.406705
36.418209
36.429163
36.440030
36.451330
36.462867
36.473581
36.485509
36.496889
36.507537
36.519048
36.529927
36.541148
36.552410
36.563510
36.574786
36.586012
36.597293
36.608352
36.619649
36.631243
36.642310
36.653219
36.664250
36.675995
36.687031
36.697941
36.709271
36.720462
36.733622
36.742708
36.754187
36.765364
36.776416
36.787772
36.799173
36.810351
36.821186
36.832630
36.843849
36.854790
36.866412
36.877535
36.888590
36.899909
36.911194
36.922422
36.933529
36.944582
36.955852
36.967065
36.978347
36.989414
37.000720
37.011893
37.023135
37.034502
37.045864
37.056840
37.068108
37.079362
37.090385
37.101828
37.112857
37.124050
37.135297
37.147089
37.157831
37.169132
37.180320
37.191486
37.203619
37.213833
37.225055
37.236182
37.247446
37.258792
37.269945
37.281369
37.292516
37.303600
37.314780
37.326159
37.337145
37.348413
37.359936
37.371003
37.382232
37.393699
37.404626
37.415856
37.426982
37.438122
37.449459
37.460602
37.471762
37.482937
37.494636
37.505661
37.516650
37.527844
37.539007
37.550317
37.561547
37.572667
37.583978
37.595188
37.606412
37.617662
37.628749
37.639960
37.651256
37.662501
37.673628
