10.248737
10.261782
10.271695
10.283054
10.294435
10.305696
10.316257
10.327555
10.338430
10.349726
10.361288
10.372359
10.383607
10.395381
10.405663
10.417048
10.427990
10.439210
10.450543
10.461954
10.472960
10.484160
10.495323
10.506721
10.517936
10.529264
10.540299
10.551459
10.562811
10.573717
10.585180
10.596296
10.607407
10.618591
10.629980
10.641217
10.652252
10.663495
10.675068
10.685990
10.697471
10.708610
10.719784
10.731012
10.742337
10.753291
10.764448
10.775749
10.787321
10.798251
10.809427
10.820819
10.831858
10.843934
10.854567
10.865646
10.876803
10.888014
10.899053
10.910749
10.921782
10.932994
10.944186
10.955455
10.967028
10.978019
10.989151
11.000192
11.011203
11.022808
11.033924
11.044944
11.056320
11.070795
11.078837
11.090061
11.101346
11.112363
11.123315
11.134519
11.146060
11.157142
11.168281
11.179434
11.190726
11.202100
11.213491
11.224396
11.235492
11.247381
11.258361
11.269342
11.280620
11.291533
11.302935
11.314567
11.325484
11.336471
11.347718
11.358929
11.370293
11.381417
11.392601
11.403782
11.415300
11.426488
11.437426
11.448916
11.459754
11.470895
11.482549
11.494245
11.504840
11.516129
11.527279
11.538465
11.550083
11.560939
11.572035
11.583913
11.594579
11.606081
11.617195
11.628362
11.639149
11.651015
11.662407
11.673004
11.684334
11.695315
11.706793
11.717987
11.729133
11.740326
11.751546
11.763093
11.774187
11.785656
11.796453
11.807530
11.818964
11.830376
11.841238
11.852636
11.863650
11.874930
11.886190
11.897603
11.908616
11.919793
11.931169
11.942478
11.953703
11.964790
11.975786
11.987016
11.998772
12.009473
12.020623
12.032118
12.043371
12.054771
12.065941
12.077152
12.088061
12.099489
12.110923
12.121730
12.133225
12.144120
12.155087
12.166399
12.177878
12.188964
12.200119
12.211434
12.222800
12.233932
12.245151
12.256296
12.267632
12.279285
12.289746
12.300962
12.312310
12.323400
12.334833
12.346327
12.357148
12.368569
12.379646
12.390727
12.402163
12.413069
12.424349
12.435576
12.446842
12.458299
12.469668
12.480599
12.491822
12.503174
12.514095
12.525733
12.536830
12.547875
12.559197
12.570211
12.581692
12.592920
12.603741
12.615578
12.626612
12.637490
12.648716
12.659859
12.671236
12.682565
12.694204
12.704632
12.716121
12.727182
12.738500
12.750007
12.761454
12.772490
12.783414
12.794808
12.806013
12.817056
12.828255
12.839441
12.850888
12.862013
12.873188
12.884443
12.895410
12.906748
12.918272
12.929912
12.940409
12.951533
12.963127
12.974120
12.985037
12.996547
13.007626
13.018969
13.030942
13.041300
13.052525
13.063586
13.075008
13.086445
13.097552
13.108635
13.119683
13.131054
13.142416
13.153396
13.164736
13.175773
13.186977
13.198310
13.209852
13.220707
13.231989
13.243078
13.254268
13.265622
13.276837
13.287877
13.299273
13.310877
13.321707
13.333134
13.344062
13.355323
13.367110
13.378149
13.389330
13.400102
13.411212
13.422911
13.434087
13.445115
13.456187
13.467389
13.479169
13.490019
13.501445
13.512543
13.523547
13.535259
13.546020
13.557444
13.568865
13.579757
13.591082
13.602417
13.613299
13.624633
13.635752
13.646956
13.658210
13.669368
13.680812
13.691708
13.703278
13.714120
13.725428
13.736603
13.747894
13.759017
13.770417
13.781777
13.792844
13.803957
13.815362
13.826557
13.838263
13.848959
13.860043
13.871262
13.882549
13.893868
13.905051
13.916219
13.927202
13.938966
13.949904
13.961141
13.972125
13.983434
13.994986
14.006094
14.017202
14.028348
14.039388
14.050970
14.062264
14.073448
14.084540
14.095592
14.107314
14.118247
14.129397
14.140351
14.151616
14.163006
14.174020
14.185171
14.196517
14.207642
14.219190
14.230239
14.241395
14.252526
14.263675
14.274800
14.286341
14.297363
14.308628
14.319761
14.330936
14.342363
14.353604
14.365074
14.376203
14.387181
14.399005
14.409687
14.420879
14.431926
14.443092
14.454247
14.465508
14.476824
14.488220
14.499678
14.511235
14.521749
14.532994
14.544180
14.555246
14.566804
14.578317
14.588989
14.600302
14.611523
14.622573
14.634375
14.645247
14.656194
14.667367
14.678940
14.690086
14.701471
14.712612
14.723465
14.735041
14.745864
14.757118
14.768399
14.779546
14.791230
14.802379
14.813331
14.824414
14.835670
14.846993
14.858280
14.869524
14.880742
14.891835
14.902934
14.914578
14.925868
14.936722
14.947857
14.959310
14.970281
14.981637
14.992795
15.003997
15.015215
15.026551
15.037794
15.049147
15.060190
15.071359
15.083284
15.094404
15.104896
15.116441
15.127303
15.138561
15.150240
15.161143
15.172085
15.183296
15.194800
15.206096
15.217041
15.228549
15.239404
15.250771
15.262129
15.273077
15.284138
15.295351
15.306835
15.318082
15.329103
15.340290
15.351730
15.362932
15.374000
15.385276
15.396623
15.407751
15.419199
15.430211
15.441339
15.452656
15.463811
15.475276
15.486244
15.497483
15.508623
15.519679
15.531364
15.542497
15.553743
15.564737
15.575996
15.587031
15.598868
15.609940
15.621012
15.631984
15.643335
15.654484
15.665636
15.676887
15.688009
15.699583
15.710775
15.721734
15.733015
15.744098
15.755105
15.767387
15.777832
15.789114
15.800317
15.811356
15.823024
15.833818
15.845262
15.856220
15.867383
15.878928
15.890182
15.901205
15.912333
15.923447
15.934827
15.946112
15.957500
15.968526
15.979602
15.991201
16.002244
16.013720
16.024725
16.035745
16.047368
16.058481
16.069478
16.080655
16.091704
16.103298
16.114694
16.125434
16.136738
16.148179
16.159121
16.170362
16.181779
16.192789
16.203926
16.215215
16.226838
16.237867
16.248910
16.259992
16.271163
16.282462
16.293526
16.304697
16.316065
16.327472
16.338538
16.350052
16.361344
16.372255
16.383411
16.394770
16.406231
16.417517
16.428177
16.439607
16.451020
16.462207
16.473407
16.484414
16.495500
16.507402
16.518321
16.529453
16.540598
16.551568
16.563111
16.574408
16.585552
16.596464
16.607814
16.619266
16.630468
16.641723
16.652789
16.663841
16.674818
16.686707
16.697827
16.708805
16.719706
16.731587
16.742784
16.753752
16.764878
16.776049
16.787202
16.798840
16.809717
16.820792
16.832044
16.843155
16.854775
16.865892
16.877127
16.888071
16.899250
16.910764
16.921901
16.933242
16.944351
16.955350
16.967249
16.978269
16.989307
17.000455
17.011478
17.023363
17.034202
17.045285
17.056375
17.067389
17.078897
17.090176
17.101461
17.112396
17.123531
17.135339
17.146369
17.157398
17.168511
17.179653
17.191330
17.202476
17.213521
17.224603
17.235854
17.247058
17.258544
17.269877
17.280895
17.291884
17.303409
17.314437
17.325266
17.336698
17.347904
17.359855
17.370374
17.381724
17.392926
17.403960
17.415189
17.426760
17.437816
17.449145
17.460345
17.471412
17.483317
17.493954
17.504876
17.516154
17.527306
17.538883
17.550562
17.561885
17.572141
17.583431
17.595256
17.605866
17.617331
17.628405
17.639469
17.650784
17.662065
17.673309
17.684315
17.695399
17.707140
17.718592
17.729865
17.740554
17.751766
17.762841
17.774031
17.785476
17.796611
17.807739
17.819551
17.830550
17.841759
17.855196
17.863697
17.875056
17.886507
17.897614
17.908770
17.919740
17.930989
17.942495
17.953831
17.964826
17.976044
17.987103
17.998805
18.009865
18.020873
18.032123
18.043463
18.054553
18.065978
18.077093
18.088232
18.099219
18.110737
18.122267
18.133227
18.144270
18.155409
18.166944
18.178161
18.189240
18.200366
18.211365
18.222878
18.234102
18.245112
18.256816
18.267499
18.279074
18.290246
18.301405
18.312514
18.323567
18.335254
18.346122
18.357559
18.368499
18.379798
18.391140
18.402304
18.413199
18.424861
18.435734
18.447045
18.459121
18.469721
18.480870
18.491933
18.503115
18.514785
18.525433
18.536940
18.548184
18.560003
18.571100
18.582041
18.593118
18.604286
18.615388
18.626942
18.638068
18.649168
18.660141
18.671398
18.682908
18.694244
18.705245
18.716418
18.727440
18.739331
18.750257
18.761206
18.772418
18.783413
18.795018
18.806161
18.817452
18.828431
18.839647
18.851122
18.862305
18.873479
18.884542
18.895556
18.907059
18.918186
18.929264
18.940538
18.951578
18.962968
18.974003
18.985291
18.996557
19.007728
19.019392
19.030551
19.041674
19.052640
19.063823
19.075149
19.086877
19.098149
19.108754
19.119842
19.131432
19.142408
19.153766
19.165000
19.175929
19.187326
19.198758
19.209933
19.220918
19.232266
19.243114
19.254603
19.265754
19.276901
19.288171
19.299416
19.310786
19.321944
19.333288
19.344245
19.355481
19.366733
19.377945
19.389141
19.400524
19.411474
19.424953
19.433953
19.445133
19.456350
19.467409
19.479142
19.490025
19.501433
19.512439
19.523691
19.534832
19.546285
19.557229
19.568614
19.579621
19.591129
19.602398
19.613961
19.625101
19.635858
19.647843
19.658924
19.669710
19.680660
19.691891
19.702890
19.714381
19.725577
19.736721
19.747868
19.759111
19.770539
19.782073
19.792823
19.804701
19.815191
19.826923
19.837710
19.848882
19.860043
19.871330
19.883058
19.894000
19.905112
19.916451
19.927507
19.938835
19.950514
19.961954
19.972224
19.983499
19.995029
20.005828
20.017121
20.028200
20.039373
20.051293
20.062695
20.073818
20.084559
20.095947
20.107769
20.119117
20.129315
20.140946
20.152325
20.163047
20.173954
20.185434
20.196551
20.207683
20.219061
20.231051
20.241763
20.252583

