06.261779
06.265707
06.265946
06.266068
06.266155
06.266240
06.266328
06.270887
06.270895
06.272760
06.272844
06.273591
06.275873
06.275880
06.276104
06.276112
06.276120
06.276415
06.276423
06.276430
06.276744
06.276752
06.276759
06.277190
06.277198
06.277205
06.277490
06.277497
06.277643
07.265990
07.266202
07.266391
07.266483
07.266623
07.266772
07.266863
07.266943
07.267019
07.267190
07.267289
08.265971
08.266155
08.266331
08.266421
08.266558
08.266705
08.266799
08.266873
08.267022
08.267114
09.265980
09.266188
09.266362
09.266451
09.266587
09.266736
09.266829
09.266903
09.267055
09.267148
10.265978
10.266179
10.266355
10.266446
10.266845
10.267089
10.267224
10.267306
10.267503
10.267632
11.265978
11.266159
11.266331
11.266420
11.266556
11.266705
11.266802
11.266877
11.267028
11.267124
12.265969
12.266148
12.266320
12.266465
12.266556
12.266698
12.266793
12.266868
12.267016
12.267111
13.265977
13.266166
13.266339
13.266484
13.266575
13.266713
13.266807
13.266881
13.267030
13.267180
14.265965
14.266151
14.266321
14.266481
14.266571
14.266711
14.266803
14.266877
14.267025
14.267117
15.265974
15.266146
15.266309
15.266444
15.266530
15.266660
15.266747
15.266817
15.266957
15.267045
16.266664
16.268255
16.268763
16.268924
16.269158
16.269313
16.269449
16.269610
16.269788
16.269911
17.265965
17.266136
17.266305
17.266394
17.266530
17.266676
17.266769
17.266843
17.266990
17.267082
18.265993
18.266188
18.266361
18.266505
18.266596
18.266743
18.266885
18.266983
18.267340
18.267481
19.265967
19.266153
19.266324
19.266483
19.266573
19.266711
19.266804
19.266878
19.267026
20.265965
20.266133
20.266298
20.266438
20.266526
20.266659
20.266749
20.266821
20.266964
21.265959
21.266128
21.266294
21.266435
21.266523
21.266657
21.266747
21.266819
21.266963
22.265955
22.266161
22.266329
22.266469
22.266556
22.266688
22.266779
22.266850
22.266994
23.265965
23.266138
23.266305
23.266445
23.266533
23.266666
23.266756
23.266828
23.266972
24.265975
24.266147
24.266311
24.266447
24.266533
24.266663
24.266751
24.266821
24.266976
25.265968
25.266144
25.266312
25.266452
25.266540
25.266674
25.266765
25.266837
25.266981
