36.332906
36.338622
36.339524
36.339665
36.339746
36.339827
36.341817
36.341827
36.342096
36.342105
36.342364
36.342373
36.342382
36.342391
36.342689
36.342927
36.343413
36.343623
36.343828
36.343972
36.345109
37.339533
37.339653
37.339830
37.339917
37.340052
37.340142
37.340218
37.340356
37.340444
38.339541
38.339738
38.339907
38.339996
38.340135
38.340227
38.340299
38.340446
39.339542
39.339716
39.339879
39.339965
39.340101
39.340190
39.340260
39.340402
40.339545
40.339713
40.339876
40.339962
40.340095
40.340184
40.340253
40.340395
41.339540
41.339718
41.339886
41.339974
41.340111
41.340201
41.340273
41.340418
42.339536
42.339708
42.339875
42.339962
42.340099
42.340189
42.340261
42.340407
43.339541
43.339717
43.339909
43.340017
43.340156
43.340250
43.340323
43.340472
44.339594
44.339816
44.339980
44.340066
44.340200
44.340341
44.340427
44.340562
45.339547
45.339720
45.339884
45.339969
45.340103
45.340191
45.340261
45.340402
46.339544
46.339735
46.339936
46.340024
46.340173
46.340313
46.340399
46.340533
47.339547
47.339720
47.339884
47.339970
47.340106
47.340195
47.340265
47.340408
48.339541
48.339721
48.339890
48.339979
48.340117
48.340208
48.340281
48.340428
49.339544
49.339789
49.339953
49.340038
49.340171
49.340312
49.340397
49.340530
50.339538
50.339713
50.339879
50.339969
50.340107
50.340197
50.340269
50.340415
51.339548
51.339721
51.339885
51.339971
51.340105
51.340194
51.340264
51.340406
52.339548
52.339720
52.339883
52.339968
52.340103
52.340191
52.340261
52.340403
53.339537
53.339708
53.339871
53.339957
53.340091
53.340179
53.340249
53.340390
54.339547
54.339722
54.339889
54.339977
54.340115
54.340205
54.340277
54.340422
55.339543
55.339732
55.339900
55.339988
55.340126
55.340217
55.340289
55.340435
