56.339533
56.340901
56.341069
56.341159
56.341403
56.341494
56.341566
56.341712
57.339534
57.340306
57.340473
57.340611
57.340697
57.340993
57.341100
57.341170
57.341312
58.339547
58.339723
58.339891
58.339979
58.340117
58.340208
58.340301
58.340465
59.339531
59.339703
59.339871
59.339959
59.340096
59.340187
59.340259
59.340404
00.339537
00.339711
00.339879
00.339967
00.340105
00.340196
00.340268
00.340413
01.339535
01.339710
01.339892
01.339980
01.340120
01.340210
01.340283
01.340428
02.339535
02.339706
02.339870
02.339956
02.340091
02.340180
02.340250
02.340393
03.339541
03.339708
03.339871
03.339958
03.340093
03.340182
03.340253
03.340395
04.339537
04.339707
04.339871
04.339957
04.340092
04.340180
04.340250
04.340392
05.339537
05.339712
05.339881
05.339969
05.340107
05.340197
05.340270
05.340416
