26.265950
26.266036
26.267439
26.267528
26.267634
26.267640
26.267821
26.267828
26.267834
26.268089
26.268095
26.268101
26.268108
26.268323
26.268329
26.268430
26.268522
26.268529
26.268903
26.269467
26.269473
26.269479
26.269719
26.269725
26.269731
27.265965
27.266156
27.266680
27.266802
27.266809
27.266815
27.267083
27.267089
27.267096
27.267102
27.267325
28.265967
28.266140
28.266306
28.266446
28.266534
28.266668
28.266758
28.266830
28.266974
28.267063
29.266024
29.266248
29.266410
29.266547
29.266634
29.266764
29.266853
29.266923
29.267063
29.267150
30.265964
30.266138
30.266320
30.266460
30.266548
30.266682
30.266773
30.266845
30.266990
30.267080
31.266008
31.266234
31.266415
31.266551
31.266637
31.266768
31.266857
31.266927
31.267068
31.267213
31.279363
31.299141
